,AverageMbps,avg_mbps_rating,FIPS_Code,med_income
0,38.218333333333334,3,01001,58233
1,50.27263157894737,4,01003,59871
2,52.20666666666667,4,01005,35972
3,23.557142857142857,2,01007,47918
4,29.145714285714284,2,01009,52902
5,23.52333333333333,1,01011,31906
6,33.205,3,01013,39944
7,62.04909090909091,4,01015,47747
8,52.53,4,01017,42015
9,23.545,2,01019,45982
10,33.525,3,01021,49692
11,8.502857142857144,0,01023,39808
12,14.59666666666667,0,01025,43822
13,52.595,4,01027,40562
14,66.44,5,01029,51276
15,48.35833333333334,4,01031,57299
16,39.678,3,01033,46683
17,13.370000000000001,0,01035,41539
18,63.036,4,01037,42024
19,21.786666666666665,1,01039,44836
20,47.158,4,01041,43309
21,47.698,4,01043,50897
22,65.9375,5,01045,45120
23,40.2025,3,01047,34034
24,43.72692307692308,3,01049,44277
25,46.221111111111114,4,01051,62310
26,45.395,4,01053,42712
27,58.58272727272727,4,01055,43047
28,35.763333333333335,3,01057,44212
29,133.254,5,01059,44874
30,37.46,3,01061,43089
31,26.8425,2,01063,28699
32,17.096666666666668,1,01065,40745
33,17.29,1,01067,48597
34,35.04090909090909,3,01069,50138
35,42.54076923076923,3,01071,44322
36,79.42404255319148,5,01073,54127
37,38.093333333333334,3,01075,42686
38,43.52571428571429,3,01077,48188
39,52.86800000000001,4,01079,47797
40,43.010000000000005,3,01081,54160
41,53.644999999999996,4,01083,64729
42,8.979999999999999,0,01085,33930
43,51.267999999999994,4,01087,34281
44,100.15681818181817,5,01089,68609
45,15.163333333333334,0,01091,38838
46,21.995,1,01093,44675
47,53.22333333333333,4,01095,48913
48,48.49090909090909,4,01097,49492
49,14.36,0,01099,40005
50,68.729375,5,01101,52711
51,62.59875,4,01103,54355
52,22.575,1,01105,29572
53,25.173333333333332,2,01107,40249
54,73.47666666666667,5,01109,41271
55,16.3225,1,01111,42922
56,52.4,4,01113,43670
57,41.683,3,01115,65403
58,73.339375,5,01117,77801
59,20.060000000000002,1,01119,29209
60,53.49428571428571,4,01121,47719
61,41.426,3,01123,47100
62,60.97,4,01125,52307
63,58.459999999999994,4,01127,45991
64,15.216249999999999,0,01129,48864
65,24.816666666666666,2,01131,30998
66,20.112000000000002,1,01133,40827
67,12.72,0,04001,35386
68,40.975,3,04003,48650
69,50.23428571428571,4,04005,58301
70,40.676,3,04007,45980
71,67.78,5,04009,50685
72,41.71333333333333,3,04011,68066
73,33.27333333333333,3,04012,39407
74,92.87373015873015,5,04013,68634
75,61.36923076923077,4,04015,49712
76,72.59142857142858,5,04017,40676
77,79.52000000000001,5,04019,56150
78,37.014545454545456,3,04021,62067
79,21.907999999999998,1,04023,47779
80,46.03684210526316,4,04025,54242
81,67.69200000000001,5,04027,47024
82,8.231666666666667,0,05001,52539
83,30.28,2,05003,47744
84,39.51666666666667,3,05005,41950
85,55.576875,4,05007,70775
86,21.05666666666667,1,05009,50083
87,11.146666666666667,0,05011,39982
88,15.530000000000001,1,05013,48415
89,25.252000000000002,2,05015,43841
90,30.589999999999996,2,05017,37014
91,59.75,4,05019,44105
92,26.478571428571428,2,05021,40686
93,14.758571428571429,0,05023,46214
94,20.22,1,05025,53773
95,38.13999999999999,3,05027,42964
96,15.247142857142858,0,05029,46924
97,66.06833333333334,5,05031,47766
98,39.39,3,05033,44600
99,34.03,3,05035,41976
100,18.666666666666668,1,05037,45273
101,19.315,1,05039,41314
102,23.8925,2,05041,37005
103,14.09,0,05043,44162
104,35.155,3,05045,58482
105,10.705,0,05047,45670
106,28.824,2,05049,32926
107,28.45375,2,05051,45786
108,50.47,4,05053,58566
109,28.746666666666666,2,05055,47098
110,36.375,3,05057,40867
111,64.655,5,05059,45860
112,7.083333333333333,0,05061,41427
113,20.58125,1,05063,47903
114,13.96,0,05065,40233
115,26.34,2,05067,38636
116,40.184999999999995,3,05069,40555
117,18.705,1,05071,40396
118,40.96,3,05073,37164
119,24.057,2,05075,39604
120,14.585,0,05077,30421
121,22.18,1,05079,44272
122,31.31,2,05081,43257
123,63.779999999999994,5,05083,42249
124,12.686666666666667,0,05085,62782
125,34.488,3,05087,48016
126,26.215,2,05089,38760
127,48.0475,4,05091,50905
128,41.12714285714286,3,05093,39990
129,49.53,4,05095,34289
130,4.868333333333333,0,05097,39591
131,56.68,4,05099,36528
132,15.2325,0,05101,37648
133,27.912000000000006,2,05103,46393
134,23.653333333333336,2,05105,50560
135,10.746,0,05107,31521
136,23.52,1,05109,44426
137,41.44833333333333,3,05111,40536
138,9.521666666666667,0,05113,39722
139,23.32857142857143,1,05115,47519
140,14.786666666666667,0,05117,46205
141,67.77571428571429,5,05119,52684
142,14.96,0,05121,42875
143,57.7175,4,05123,34389
144,41.962222222222216,3,05125,66944
145,27.87,2,05127,38065
146,3.82,0,05129,34712
147,65.74909090909091,5,05131,48945
148,13.589999999999998,0,05133,43493
149,27.512,2,05135,37591
150,13.669999999999998,0,05137,36930
151,28.4,2,05139,46602
152,10.298333333333334,0,05141,38096
153,57.55538461538462,4,05143,52158
154,25.42,2,05145,46388
155,17.365,1,05147,36568
156,30.09714285714286,2,05149,44469
157,88.753125,5,06001,107589
158,18.94,1,06003,58112
159,14.48125,0,06005,62640
160,40.847857142857144,3,06007,58394
161,56.798,4,06009,68248
162,15.319999999999999,0,06011,59048
163,109.17027027027028,5,06013,106555
164,24.805,2,06015,48979
165,37.294210526315794,3,06017,86202
166,45.80063829787234,4,06019,56926
167,11.290000000000001,0,06021,55682
168,31.609583333333333,2,06023,51134
169,78.53888888888889,5,06025,48102
170,45.38,4,06027,59605
171,50.52404761904762,4,06029,53245
172,51.51428571428572,4,06031,57297
173,50.445,4,06033,46897
174,4.395,0,06035,53613
175,96.82741258741258,5,06037,72721
176,35.485,3,06039,61105
177,88.118,5,06041,112069
178,15.8875,1,06043,52760
179,19.9956,1,06045,52309
180,83.42,5,06047,59733
181,8.08,0,06049,45311
182,52.422000000000004,4,06051,66226
183,62.18130434782609,4,06053,76509
184,65.5125,5,06055,90230
185,42.06714285714286,3,06057,69550
186,100.648,5,06059,95761
187,54.684444444444445,4,06061,97688
188,8.535714285714286,0,06063,59376
189,77.74626865671642,5,06065,72905
190,71.90673076923078,5,06067,71891
191,33.696666666666665,3,06069,84209
192,71.03611940298508,5,06071,67398
193,83.29949494949494,5,06073,83576
194,109.82629629629629,5,06075,121795
195,77.32535714285714,5,06077,68458
196,61.06263157894737,4,06079,76599
197,102.21714285714286,5,06081,135234
198,78.37578947368421,5,06083,74530
199,100.66909090909091,5,06085,132444
200,87.654,5,06087,85770
201,18.663888888888888,1,06089,61464
202,19.424999999999997,1,06091,55862
203,10.949411764705882,0,06093,45954
204,102.20857142857143,5,06095,85704
205,66.479,5,06097,87084
206,48.995909090909095,4,06099,62761
207,45.74875,4,06101,60910
208,26.297142857142855,2,06103,51672
209,23.23111111111111,1,06105,43881
210,34.364761904761906,3,06107,56776
211,18.737777777777776,1,06109,64729
212,98.39347826086957,5,06111,91446
213,40.66230769230769,3,06113,70951
214,26.445833333333336,2,06115,56607
215,78.163125,5,08001,75341
216,21.099999999999998,1,08003,38213
217,86.5255,5,08005,82364
218,72.3,5,08007,57604
219,9.445,0,08009,38945
220,7.595,0,08011,35764
221,84.85466666666666,5,08013,88341
222,106.32,5,08014,106892
223,26.766666666666666,2,08015,60331
224,24.299999999999997,2,08017,52337
225,8.19,0,08019,79900
226,97.72000000000001,5,08021,40944
227,4.654999999999999,0,08023,34731
228,9.78,0,08025,38224
229,10.095,0,08027,57381
230,57.825714285714284,4,08029,51525
231,79.68518518518519,5,08031,75456
232,35.455,3,08033,50232
233,93.53999999999999,5,08035,123697
234,88.465,5,08037,89268
235,14.696666666666667,0,08039,101733
236,74.73333333333333,5,08041,72675
237,20.502499999999998,1,08043,52239
238,89.75333333333333,5,08045,73788
239,12.54,0,08047,74806
240,38.985,3,08049,71029
241,46.446666666666665,4,08051,60408
242,26.75,2,08053,61391
243,40.336666666666666,3,08055,39955
244,2.64,0,08057,53577
245,77.12130434782608,5,08059,89696
246,8.89,0,08061,46901
247,16.755,1,08063,42951
248,30.205000000000002,2,08065,56850
249,24.728,2,08067,77829
250,52.514,4,08069,75332
251,27.3425,2,08071,43452
252,18.145,1,08073,43077
253,17.1675,1,08075,58429
254,43.085625,3,08077,60249
255,31.69,2,08079,63015
256,18.17,1,08081,63232
257,31.958,2,08083,52641
258,19.857142857142858,1,08085,50707
259,54.68,4,08087,57535
260,28.1525,2,08089,43723
261,5.52,0,08091,72836
262,14.053333333333335,0,08093,77221
263,36.72,3,08095,53432
264,71.16,5,08097,92820
265,20.9,1,08099,47051
266,80.187,5,08101,51075
267,84.24,5,08103,65960
268,21.88,1,08105,48496
269,18.788,1,08107,87691
270,12.1575,0,08109,37004
271,58.96,4,08113,77209
272,41.695,3,08115,42808
273,97.52666666666666,5,08117,86570
274,28.005000000000003,2,08119,70599
275,51.97,4,08121,53263
276,50.644999999999996,4,08123,78160
277,19.606,1,08125,52841
278,105.91869565217392,5,09001,96966
279,83.80057692307693,5,09003,75336
280,83.88285714285715,5,09005,81015
281,79.27,5,09007,81721
282,90.29219512195122,5,09009,69687
283,63.056296296296296,4,09011,75226
284,79.738,5,09013,90181
285,51.66227272727272,4,09015,63309
286,69.39538461538461,5,10001,58804
287,119.76095238095238,5,10003,76076
288,85.82263157894738,5,10005,64839
289,53.173125,4,12001,49880
290,30.883333333333336,2,12003,60454
291,78.96181818181817,5,12005,58376
292,49.88999999999999,4,12007,47509
293,79.69653846153847,5,12009,57582
294,114.94603773584906,5,12011,61429
295,9.4475,0,12013,41399
296,57.62230769230769,4,12015,54756
297,57.886923076923075,4,12017,49762
298,87.25999999999999,5,12019,75776
299,116.43764705882353,5,12021,76415
300,45.644,4,12023,47087
301,22.31,1,12027,41673
302,11.153333333333334,0,12029,39793
303,93.190625,5,12031,58339
304,85.71,5,12033,52822
305,72.015,5,12035,62831
306,41.94,3,12037,47504
307,38.655,3,12039,42975
308,10.26,0,12041,46171
309,7.62,0,12043,45412
310,66.665,5,12045,53228
311,18.183333333333334,1,12047,39241
312,18.6225,1,12049,41430
313,69.71000000000001,5,12051,45107
314,61.760000000000005,4,12053,50705
315,56.56285714285714,4,12055,45723
316,92.92173076923078,5,12057,61133
317,14.21,0,12059,38874
318,97.93375,5,12061,61173
319,36.55800000000001,3,12063,40543
320,28.38,2,12065,47192
321,17.7,1,12067,45480
322,48.431666666666665,4,12069,57660
323,80.31181818181818,5,12071,62364
324,68.96181818181819,5,12073,55081
325,8.703333333333333,0,12075,41405
326,7.59,0,12077,44236
327,16.5675,1,12079,37919
328,98.04411764705883,5,12081,64151
329,54.525454545454544,4,12083,49079
330,73.07428571428571,5,12085,70806
331,114.28782051282052,5,12086,54991
332,133.00428571428571,5,12087,67528
333,92.22200000000001,5,12089,72818
334,66.72384615384615,5,12091,63520
335,96.65,5,12093,45225
336,80.10658536585366,5,12095,63133
337,71.86636363636363,5,12097,52270
338,127.25039215686276,5,12099,66621
339,91.63681818181819,5,12101,55745
340,99.84355555555555,5,12103,56708
341,69.16806451612904,5,12105,51817
342,33.55166666666667,3,12107,41986
343,79.662,5,12109,90839
344,95.42571428571429,5,12111,57292
345,97.46714285714286,5,12113,66139
346,114.10000000000001,5,12115,66258
347,86.16,5,12117,69954
348,47.96625,4,12119,63464
349,19.404,1,12121,49453
350,22.706666666666667,1,12123,42987
351,22.825000000000003,1,12125,50893
352,67.59192307692308,5,12127,53554
353,26.180000000000003,2,12129,58640
354,51.778333333333336,4,12131,62600
355,19.502499999999998,1,12133,42518
356,23.895,2,13001,43821
357,10.995000000000001,0,13003,38581
358,68.68,5,13005,41807
359,62.82,4,13007,39515
360,122.72,5,13009,44429
361,21.555,1,13011,53481
362,136.692,5,13013,68924
363,32.20777777777778,3,13015,60254
364,25.16,2,13017,35931
365,27.28,2,13019,42058
366,58.72,4,13021,43066
367,27.6,2,13023,48115
368,73.29666666666667,5,13025,44680
369,16.973333333333333,1,13027,39554
370,72.44,5,13029,79296
371,59.81666666666666,4,13031,48788
372,18.705,1,13033,42632
373,111.78,5,13035,47410
374,23.987499999999997,2,13037,34960
375,48.11800000000001,4,13039,58552
376,33.08,3,13043,41665
377,72.475,5,13045,59193
378,67.735,5,13047,60753
379,18.125,1,13049,42891
380,75.69166666666666,5,13051,57122
381,61.625,4,13053,46106
382,44.465,4,13055,41561
383,134.42666666666665,5,13057,88635
384,97.25714285714285,5,13059,41036
385,5.92,0,13061,24732
386,82.31222222222222,5,13063,50737
387,21.496666666666666,1,13065,42928
388,113.65470588235294,5,13067,79622
389,41.675,3,13069,41675
390,18.924,1,13071,41899
391,85.178,5,13073,88285
392,44.595,4,13075,40670
393,85.64833333333333,5,13077,79232
394,17.183333333333334,1,13079,50411
395,20.98,1,13081,40482
396,39.57333333333333,3,13083,45986
397,66.33,5,13085,69155
398,77.934,5,13087,40473
399,89.91296296296296,5,13089,63606
400,18.04,1,13091,41118
401,8.48,0,13093,37109
402,72.92999999999999,5,13095,36894
403,88.08,5,13097,62915
404,23.17,1,13099,40011
405,36.37,3,13101,40408
406,38.45399999999999,3,13103,71628
407,25.38,2,13105,40962
408,22.333333333333332,1,13107,38529
409,72.45,5,13109,41425
410,15.422,0,13111,47980
411,85.44,5,13113,94563
412,70.63,5,13115,50520
413,96.186,5,13117,113332
414,21.195,1,13119,47691
415,95.58833333333332,5,13121,79235
416,24.355,2,13123,57007
417,44.7,4,13125,49350
418,53.800000000000004,4,13127,58017
419,12.538,0,13129,53373
420,20.533333333333335,1,13131,42603
421,120.64333333333333,5,13133,60973
422,116.629375,5,13135,72225
423,21.414,1,13137,51296
424,72.461,5,13139,66698
425,16.19,1,13141,31715
426,40.4825,3,13143,49020
427,31.513749999999998,2,13145,74052
428,25.51,2,13147,50647
429,30.2,2,13149,48984
430,82.6725,5,13151,72927
431,56.06428571428571,4,13153,65641
432,25.15,2,13155,42317
433,56.862857142857145,4,13157,66645
434,11.07,0,13159,59207
435,45.07,4,13161,40603
436,8.972857142857142,0,13163,35379
437,23.31,1,13165,32808
438,26.445,2,13167,37771
439,14.47,0,13169,56819
440,34.809999999999995,3,13171,57402
441,20.38,1,13173,42667
442,15.257777777777777,0,13175,42018
443,37.635,3,13177,72425
444,39.516,3,13179,51410
445,39.14,3,13181,45299
446,20.02,1,13183,52051
447,63.39125,4,13185,46450
448,36.05,3,13187,57078
449,32.975,3,13189,44473
450,22.426666666666666,1,13191,46682
451,11.356666666666664,0,13193,34634
452,24.234,2,13195,52326
453,16.58,1,13197,41190
454,25.77333333333333,2,13199,43571
455,6.675000000000001,0,13201,41769
456,37.88666666666666,3,13205,37383
457,25.419999999999998,2,13207,70488
458,27.5975,2,13209,43657
459,114.626,5,13211,67089
460,44.14,4,13213,50061
461,106.72749999999999,5,13215,47035
462,70.81333333333333,5,13217,58222
463,46.34333333333333,4,13219,100878
464,20.99,1,13221,54346
465,98.95666666666666,5,13223,76580
466,23.439999999999998,1,13225,49815
467,28.080000000000002,2,13227,66183
468,22.96,1,13229,46701
469,37.952,3,13231,74905
470,49.73,4,13233,47896
471,42.94,3,13235,42274
472,161.94,5,13237,62282
473,,,13239,35522
474,19.912,1,13241,46639
475,15.299999999999999,0,13243,33505
476,62.222857142857144,4,13245,44810
477,93.34666666666665,5,13247,60281
478,50.09,4,13249,51129
479,34.695,3,13251,42331
480,27.38,2,13253,38618
481,57.235,4,13255,49237
482,21.08666666666667,1,13257,45416
483,22.655,1,13259,34566
484,29.334000000000003,2,13261,40250
485,2.05,0,13263,41045
486,7.45,0,13265,37046
487,27.8375,2,13267,41457
488,25.325000000000003,2,13269,28234
489,19.52,1,13271,36264
490,25.04,2,13273,37122
491,33.215714285714284,3,13275,47978
492,30.7775,2,13277,47764
493,51.75,4,13279,41442
494,30.39,2,13281,49023
495,6.41,0,13283,37478
496,61.707499999999996,4,13285,47296
497,11.026666666666666,0,13287,35400
498,16.485,1,13289,44079
499,25.64,2,13291,57049
500,20.7,1,13293,40926
501,65.13166666666666,5,13295,47548
502,66.2625,5,13297,67007
503,47.410000000000004,4,13299,37642
504,36.144999999999996,3,13301,37313
505,31.923333333333332,2,13303,41674
506,39.6475,3,13305,47382
507,5.13,0,13307,41547
508,12.36,0,13309,35927
509,69.52333333333333,5,13311,54786
510,36.488,3,13313,53115
511,17.134999999999998,1,13315,38261
512,55.32666666666666,4,13317,39716
513,10.780000000000001,0,13319,43902
514,34.64,3,13321,43142
515,47.702666666666666,4,15001,64929
516,61.58096774193548,4,15003,86946
517,63.663333333333334,4,15007,73029
518,64.434,5,15009,77375
519,53.797333333333334,4,16001,72295
520,42.9125,3,16003,50042
521,26.704444444444444,2,16005,53306
522,21.509999999999998,1,16007,54550
523,9.782,0,16009,49303
524,19.972,1,16011,59959
525,42.578,3,16013,75778
526,6.206666666666666,0,16015,64443
527,10.636,0,16017,56729
528,37.85428571428571,3,16019,65165
529,6.025,0,16021,50709
530,10.68,0,16023,51742
531,4.55,0,16025,56014
532,41.536,3,16027,58670
533,24.83,2,16029,61518
534,15.632,1,16031,53284
535,11.02,0,16033,48726
536,7.703999999999999,0,16035,49816
537,10.706666666666669,0,16037,49055
538,28.086000000000002,2,16039,47796
539,11.276666666666666,0,16041,55421
540,8.144,0,16043,56162
541,8.07,0,16045,53733
542,22.95,1,16047,50205
543,11.14,0,16049,48866
544,15.601428571428572,1,16051,63078
545,39.73,3,16053,56320
546,31.62909090909091,2,16055,62764
547,16.556,1,16057,54999
548,3.5566666666666666,0,16059,46062
549,13.96,0,16061,45342
550,31.69666666666667,2,16063,50608
551,48.28,4,16065,46177
552,24.486666666666665,2,16067,56173
553,23.75,2,16069,67645
554,9.879999999999999,0,16071,55833
555,5.6375,0,16073,48395
556,71.06333333333333,5,16075,53643
557,11.523333333333333,0,16077,50981
558,22.928,1,16079,39239
559,10.4725,0,16081,73637
560,29.944285714285712,2,16083,56141
561,43.120000000000005,3,16085,64041
562,16.580000000000002,1,16087,45813
563,93.66066666666667,5,17001,55942
564,4.18,0,17003,37408
565,15.185,0,17005,53447
566,24.338,2,17007,72426
567,65.63,5,17009,60254
568,31.212,2,17011,57935
569,12.659999999999998,0,17013,63373
570,16.854285714285716,1,17015,56468
571,19.316,1,17017,51011
572,48.07434782608696,4,17019,53485
573,29.608000000000004,2,17021,51573
574,55.48,4,17023,58323
575,61.2425,4,17025,49377
576,51.71,4,17027,67201
577,29.91,2,17029,50467
578,94.04919254658385,5,17031,69375
579,28.458333333333332,2,17033,50352
580,52.782,4,17035,53991
581,30.38692307692308,2,17037,64676
582,11.951666666666666,0,17039,59521
583,130.61875,5,17041,64283
584,100.26628571428571,5,17043,96354
585,29.266,2,17045,51333
586,9.8,0,17047,54930
587,24.759999999999998,2,17049,58943
588,51.15571428571428,4,17051,48913
589,40.477999999999994,3,17053,55369
590,30.275555555555556,2,17055,43695
591,29.4075,2,17057,50461
592,43.785000000000004,3,17059,46515
593,9.065714285714284,0,17061,52116
594,60.32,4,17063,83135
595,25.026666666666667,2,17065,51031
596,41.29833333333333,3,17067,53724
597,38.87,3,17069,44573
598,9.180000000000001,0,17071,55535
599,38.630833333333335,3,17073,61680
600,23.11923076923077,1,17075,51542
601,30.759999999999998,2,17077,37308
602,24.863333333333333,2,17079,59980
603,19.165,1,17081,50531
604,20.4075,1,17083,63351
605,17.931428571428572,1,17085,62522
606,21.502,1,17087,55022
607,102.46,5,17089,84311
608,55.975833333333334,4,17091,60763
609,114.38199999999999,5,17093,105586
610,85.73384615384614,5,17095,43404
611,107.27307692307691,5,17097,92638
612,42.239,3,17099,59528
613,24.145,2,17101,47114
614,15.672,1,17103,57619
615,28.365833333333338,2,17105,54422
616,38.549,3,17107,53806
617,40.16142857142857,3,17109,49048
618,63.887368421052635,5,17111,89379
619,51.415,4,17113,69230
620,48.301538461538456,4,17115,52259
621,20.17,1,17117,54174
622,61.30869565217391,4,17119,66591
623,30.299999999999997,2,17121,52291
624,41.095,3,17123,63628
625,16.325714285714287,1,17125,51967
626,13.383333333333333,0,17127,54159
627,11.068000000000001,0,17129,77306
628,20.76142857142857,1,17131,62241
629,48.44,4,17133,90904
630,28.411,2,17135,51665
631,11.89625,0,17137,55937
632,30.145999999999997,2,17139,65472
633,20.79,1,17141,63565
634,63.33714285714285,4,17143,57717
635,39.355000000000004,3,17145,56880
636,17.183333333333334,1,17147,72265
637,42.17636363636364,3,17149,54309
638,14.796666666666667,0,17151,46478
639,16.762,1,17153,38506
640,32.186666666666675,3,17155,74367
641,28.175,2,17157,58444
642,25.413333333333338,2,17159,49775
643,52.17923076923077,4,17161,57772
644,54.92291666666667,4,17163,57726
645,39.126666666666665,3,17165,48547
646,51.83136363636363,4,17167,61768
647,28.427142857142858,2,17169,56015
648,21.994999999999997,1,17171,61231
649,11.052727272727273,0,17173,61376
650,23.240000000000002,1,17175,54804
651,30.80583333333333,2,17177,51786
652,65.53214285714286,5,17179,66206
653,29.508000000000003,2,17181,51575
654,36.63625,3,17183,46295
655,25.745,2,17185,54249
656,14.9525,0,17187,53621
657,16.26125,1,17189,64297
658,57.26,4,17191,51829
659,51.197500000000005,4,17193,51388
660,25.6025,2,17195,50880
661,88.57225806451613,5,17197,90249
662,11.454285714285716,0,17199,56958
663,77.64055555555555,5,17201,59510
664,35.70090909090909,3,17203,77117
665,15.2975,0,18001,53532
666,47.6804,4,18003,56838
667,96.5325,5,18005,71181
668,20.496666666666666,1,18007,55016
669,48.156666666666666,4,18009,46811
670,44.128,3,18011,84137
671,48.474999999999994,4,18013,59617
672,25.738,2,18015,58965
673,21.278333333333332,1,18017,51777
674,59.85545454545454,4,18019,59441
675,28.327999999999996,2,18021,54349
676,31.792857142857144,2,18023,55336
677,19.4375,1,18025,44332
678,53.3,4,18027,56611
679,51.07333333333333,4,18029,71351
680,70.08666666666666,5,18031,60891
681,22.465714285714284,1,18033,59714
682,62.74,4,18035,45912
683,37.345,3,18037,63869
684,44.42,4,18039,55782
685,34.79,3,18041,48499
686,84.455,5,18043,64614
687,22.07,1,18045,55337
688,18.14166666666667,1,18047,67315
689,72.565,5,18049,55011
690,38.794285714285714,3,18051,61872
691,63.822500000000005,5,18053,47509
692,18.276666666666667,1,18055,51918
693,84.76923076923077,5,18057,107710
694,75.426,5,18059,77905
695,32.332,3,18061,64270
696,72.69333333333333,5,18063,85827
697,51.22857142857142,4,18065,49293
698,38.8425,3,18067,54048
699,71.36333333333334,5,18069,54565
700,24.94,2,18071,59472
701,39.94199999999999,3,18073,65352
702,33.345,3,18075,49447
703,55.568,4,18077,53378
704,29.5925,2,18079,55022
705,64.88875,5,18081,74427
706,28.59,2,18083,48760
707,37.33166666666667,3,18085,64677
708,14.684000000000001,0,18087,70746
709,91.2604,5,18089,57280
710,41.71875,3,18091,56427
711,81.99,5,18093,56261
712,66.38416666666667,5,18095,54145
713,79.80486486486487,5,18097,50707
714,28.6575,2,18099,53695
715,11.809999999999999,0,18101,56735
716,48.0975,4,18103,53658
717,85.36125,5,18105,53113
718,37.446666666666665,3,18107,54366
719,61.9125,4,18109,63414
720,25.872000000000003,2,18111,61457
721,18.524444444444445,1,18113,60980
722,7.96,0,18115,58294
723,34.49,3,18117,47931
724,49.965999999999994,4,18119,53387
725,10.722,0,18121,51554
726,48.263999999999996,4,18123,53908
727,37.093333333333334,3,18125,52378
728,82.92999999999999,5,18127,74064
729,18.353333333333335,1,18129,68435
730,23.548,2,18131,52432
731,57.68222222222222,4,18133,64098
732,13.105,0,18135,50496
733,29.132857142857144,2,18137,61219
734,7.465999999999999,0,18139,54371
735,67.55444444444444,5,18141,53881
736,43.13666666666666,3,18143,50571
737,55.919999999999995,4,18145,59798
738,27.421818181818182,2,18147,59183
739,33.910000000000004,3,18149,54001
740,17.706666666666667,1,18151,59444
741,15.406,0,18153,53375
742,32.708,3,18155,52482
743,67.904,5,18157,51228
744,37.8625,3,18159,69960
745,3.3433333333333333,0,18161,53866
746,77.83333333333333,5,18163,51603
747,52.83,4,18165,50723
748,63.43571428571429,4,18167,48082
749,26.365,2,18169,59874
750,113.00333333333333,5,18171,64109
751,25.692,2,18173,79644
752,31.556,2,18175,51948
753,24.02333333333333,2,18177,47885
754,32.7175,3,18179,61636
755,37.0325,3,18181,58295
756,16.338,1,18183,67347
757,11.281666666666666,0,19001,57977
758,9.53,0,19003,53385
759,15.74,1,19005,56240
760,18.494285714285716,1,19007,41672
761,12.698,0,19009,53197
762,25.951875,2,19011,70023
763,37.98111111111111,3,19013,60010
764,39.36,3,19015,63975
765,35.214285714285715,3,19017,67229
766,17.10625,1,19019,67906
767,16.7275,1,19021,57048
768,31.898000000000003,2,19023,57080
769,14.948333333333332,0,19025,57007
770,23.66625,2,19027,61379
771,36.16,3,19029,53692
772,32.51857142857143,3,19031,71029
773,36.147999999999996,3,19033,54589
774,23.428,1,19035,59901
775,19.89,1,19037,60111
776,29.506666666666664,2,19039,57708
777,20.133333333333333,1,19041,57174
778,22.376666666666665,1,19043,53223
779,35.4525,3,19045,56865
780,32.386,3,19047,58077
781,23.83533333333333,2,19049,97535
782,60.93,4,19051,57150
783,32.23500000000001,3,19053,44873
784,10.955,0,19055,70091
785,37.495,3,19057,53547
786,55.61000000000001,4,19059,66211
787,39.899230769230776,3,19061,62481
788,22.5725,1,19063,55635
789,32.332857142857144,3,19065,53142
790,20.736666666666668,1,19067,55369
791,19.1425,1,19069,55847
792,33.512499999999996,3,19071,60498
793,17.715714285714284,1,19073,55562
794,22.743333333333336,1,19075,73683
795,33.70625,3,19077,64965
796,18.8025,1,19079,63234
797,29.511666666666667,2,19081,62030
798,21.802222222222223,1,19083,57103
799,11.45625,0,19085,63901
800,13.901428571428571,0,19087,57747
801,21.2775,1,19089,58028
802,16.732499999999998,1,19091,56695
803,22.122,1,19093,58249
804,15.82,1,19095,66861
805,21.65,1,19097,57687
806,21.66090909090909,1,19099,67317
807,41.715,3,19101,51741
808,53.9609090909091,4,19103,67295
809,34.89,3,19105,63399
810,11.75875,0,19107,54937
811,23.175,1,19109,59568
812,24.2275,2,19111,51089
813,40.41904761904762,3,19113,64783
814,7.665,0,19115,60544
815,7.043333333333333,0,19117,53085
816,54.93333333333334,4,19119,66139
817,34.068,3,19121,72578
818,16.621999999999996,1,19123,59242
819,14.087777777777779,0,19125,66381
820,23.02777777777778,1,19127,55631
821,24.032,2,19129,72679
822,22.684,1,19131,61247
823,27.111666666666665,2,19133,53104
824,16.330000000000002,1,19135,56397
825,42.23666666666667,3,19137,52715
826,21.717142857142857,1,19139,61767
827,35.50833333333333,3,19141,60298
828,22.55333333333333,1,19143,60702
829,85.19571428571429,5,19145,52179
830,19.31833333333333,1,19147,55074
831,27.44666666666667,2,19149,69165
832,13.295,0,19151,56146
833,46.302,4,19153,67331
834,28.01846153846154,2,19155,60322
835,18.475714285714286,1,19157,57741
836,11.034,0,19159,50890
837,15.50888888888889,0,19161,59392
838,35.48833333333334,3,19163,65724
839,30.435714285714287,2,19165,60498
840,33.196363636363635,3,19167,71566
841,34.174,3,19169,64151
842,18.565,1,19171,56281
843,10.836666666666666,0,19173,51510
844,28.812,2,19175,52914
845,16.0675,1,19177,50425
846,34.307500000000005,3,19179,50533
847,24.012999999999998,2,19181,79557
848,19.2375,1,19183,63230
849,25.70285714285714,2,19185,49962
850,27.55,2,19187,53344
851,57.3,4,19189,50258
852,18.857142857142858,1,19191,65482
853,53.77571428571429,4,19193,58419
854,51.645714285714284,4,19195,60139
855,18.720000000000002,1,19197,54251
856,55.85166666666667,4,20001,46690
857,18.036666666666665,1,20003,51352
858,29.332,2,20005,51860
859,32.39,3,20007,50660
860,35.798,3,20009,50754
861,63.835,5,20011,47452
862,24.915714285714284,2,20013,47558
863,38.943636363636365,3,20015,66199
864,8.205,0,20017,51022
865,24.3975,2,20019,43664
866,81.152,5,20021,47682
867,21.16,1,20023,47323
868,13.18,0,20025,59085
869,49.1225,4,20027,52781
870,59.78,4,20029,46299
871,38.325,3,20031,62715
872,2.5250000000000004,0,20033,47854
873,26.57,2,20035,51537
874,77.59400000000001,5,20037,42723
875,18.333333333333332,1,20039,46878
876,23.501666666666665,1,20041,58066
877,37.214999999999996,3,20043,52596
878,57.9825,4,20045,62559
879,40.349999999999994,3,20047,49047
880,25.48,2,20049,41930
881,21.30333333333333,1,20051,51237
882,24.716,2,20053,56988
883,28.506666666666664,2,20055,57412
884,20.709999999999997,1,20057,54604
885,10.945,0,20059,55984
886,61.405,4,20061,58978
887,19.17,1,20063,52986
888,32.435,3,20065,48912
889,14.91,0,20067,65178
890,36.48,3,20069,69077
891,12.64,0,20071,58492
892,36.332,3,20073,44876
893,11.77,0,20075,55857
894,19.31,1,20077,47540
895,37.487142857142864,3,20079,62961
896,12.46,0,20081,62477
897,9.24,0,20083,58360
898,12.407777777777776,0,20085,60615
899,14.729999999999999,0,20087,68549
900,18.11,1,20089,46017
901,86.08709677419354,5,20091,91913
902,11.91,0,20093,67301
903,19.144,1,20095,56907
904,13.045,0,20097,49588
905,15.870000000000001,1,20099,44170
906,79.88,5,20101,60315
907,51.08714285714286,4,20103,75840
908,14.136666666666665,0,20105,47557
909,39.41,3,20107,62876
910,9.684999999999999,0,20109,53538
911,33.30142857142857,3,20111,49840
912,36.03142857142857,3,20113,65834
913,22.30666666666667,1,20115,51771
914,25.1325,2,20117,55858
915,4.863333333333333,0,20119,64640
916,27.2,2,20121,74428
917,27.4225,2,20123,51979
918,21.645714285714284,1,20125,44240
919,26.688,2,20127,54775
920,21.89,1,20129,56175
921,18.264285714285712,1,20131,63373
922,43.254999999999995,3,20133,49533
923,15.520000000000001,1,20135,54727
924,21.14,1,20137,49739
925,18.1675,1,20139,55655
926,43.528000000000006,3,20141,46351
927,21.865000000000002,1,20143,58729
928,15.64,1,20145,65141
929,13.03,0,20147,51546
930,44.42,4,20149,73685
931,44.28,4,20151,53980
932,2.28,0,20153,50768
933,47.53142857142857,4,20155,53371
934,22.556,1,20157,47082
935,20.39,1,20159,56350
936,104.91,5,20161,51996
937,16.293333333333333,1,20163,49485
938,22.744999999999997,1,20165,53189
939,15.268571428571429,0,20167,46112
940,29.052,2,20169,56741
941,6.81,0,20171,62914
942,69.38864864864865,5,20173,60014
943,18.84,1,20175,55727
944,58.29545454545455,4,20177,59451
945,13.455,0,20179,54627
946,26.39,2,20181,54000
947,8.318333333333333,0,20183,45915
948,25.21666666666667,2,20185,51007
949,10.47,0,20187,63401
950,18.695,1,20189,61264
951,17.007272727272724,1,20191,53618
952,14.764999999999999,0,20193,58652
953,6.08,0,20195,52597
954,22.10666666666667,1,20197,66168
955,10.495000000000001,0,20199,54714
956,28.6325,2,20201,46263
957,6.94,0,20203,54009
958,46.696666666666665,4,20205,46243
959,3.5349999999999997,0,20207,43751
960,89.00454545454545,5,20209,47292
961,14.090000000000002,0,21001,37650
962,53.129999999999995,4,21003,47307
963,62.73,4,21005,61308
964,33.199999999999996,3,21007,48053
965,28.4775,2,21009,44859
966,34.593333333333334,3,21011,42248
967,60.724000000000004,4,21013,30940
968,104.26285714285714,5,21015,78806
969,93.02,5,21017,47046
970,67.375,5,21019,50017
971,17.435,1,21021,53644
972,15.273333333333333,0,21023,53289
973,11.0425,0,21025,33407
974,24.106666666666666,2,21027,46069
975,60.4025,4,21029,66335
976,36.93,3,21031,46305
977,14.765,0,21033,44144
978,31.752,2,21035,45574
979,83.45555555555556,5,21037,66520
980,21.113333333333333,1,21039,49659
981,41.864999999999995,3,21041,51672
982,29.395,2,21043,43492
983,27.18,2,21045,34751
984,33.285714285714285,3,21047,46390
985,63.08,4,21049,55428
986,24.723333333333333,2,21051,30175
987,12.21,0,21053,34005
988,19.12,1,21055,44595
989,11.63,0,21057,34897
990,29.375999999999998,2,21059,52620
991,16.5225,1,21061,47482
992,39.5,3,21063,34262
993,37.14,3,21065,35004
994,49.242,4,21067,58981
995,9.0975,0,21069,43943
996,23.237187499999997,1,21071,35828
997,43.83,3,21073,58917
998,35.5,3,21075,34376
999,69.99666666666667,5,21077,55273
1000,25.94,2,21079,51757
1001,39.12,3,21081,55210
1002,32.352222222222224,3,21083,48038
1003,25.776000000000003,2,21085,43771
1004,11.906666666666666,0,21087,38896
1005,43.642,3,21089,52179
1006,20.18,1,21091,60626
1007,43.54125,3,21093,57711
1008,25.844285714285714,2,21095,30050
1009,26.92,2,21097,51475
1010,37.286,3,21099,42718
1011,34.35,3,21101,53199
1012,20.633333333333336,1,21103,51806
1013,17.67,1,21105,52331
1014,34.5625,3,21107,48769
1015,37.01,3,21109,34940
1016,75.986,5,21111,59025
1017,32.605000000000004,3,21113,62533
1018,43.70625,3,21115,31202
1019,81.215,5,21117,68692
1020,17.812857142857144,1,21119,32613
1021,52.01,4,21121,31634
1022,25.83,2,21123,49785
1023,40.425,3,21125,44033
1024,43.1125,3,21127,38055
1025,6.89,0,21129,30905
1026,17.08,1,21131,32202
1027,17.916666666666668,1,21133,32435
1028,16.866666666666667,1,21135,37410
1029,4.35,0,21137,43220
1030,26.468,2,21139,50521
1031,32.418,3,21141,48902
1032,8.975,0,21143,52978
1033,76.82000000000001,5,21145,48219
1034,106.62,5,21147,32701
1035,139.46,5,21149,51184
1036,39.11,3,21151,50316
1037,38.095,3,21153,32045
1038,23.844,2,21155,48062
1039,36.89333333333334,3,21157,57945
1040,102.03,5,21159,34291
1041,27.895,2,21161,47861
1042,27.305,2,21163,54946
1043,25.74,2,21165,37457
1044,28.18,2,21167,55267
1045,39.04666666666666,3,21169,38978
1046,24.6,2,21171,36512
1047,16.273333333333333,1,21173,52903
1048,44.43,4,21175,37433
1049,53.23666666666667,4,21177,45049
1050,40.898,3,21179,64795
1051,9.6,0,21181,38084
1052,51.218,4,21183,47542
1053,70.188,5,21185,101152
1054,19.136666666666667,1,21187,51494
1055,28.34,2,21189,28727
1056,46.29333333333333,4,21191,58962
1057,22.13,1,21193,38000
1058,24.389375,2,21195,36875
1059,29.493333333333336,2,21197,41760
1060,32.651666666666664,3,21199,43568
1061,4.35,0,21201,47017
1062,13.033333333333333,0,21203,40790
1063,38.055,3,21205,44068
1064,35.235,3,21207,44056
1065,27.11,2,21209,74719
1066,39.712,3,21211,71737
1067,72.29,5,21213,52931
1068,19.93,1,21215,79863
1069,43.9,3,21217,48485
1070,19.414,1,21219,47742
1071,53.29,4,21221,49955
1072,15.059999999999999,0,21223,58998
1073,16.655,1,21225,49870
1074,31.23875,2,21227,53238
1075,25.02,2,21229,51286
1076,26.9,2,21231,34449
1077,51.786,4,21233,49079
1078,39.64666666666667,3,21235,38191
1079,28.070000000000004,2,21237,32773
1080,37.455,3,21239,67815
1081,32.695,3,22001,44728
1082,25.843333333333334,2,22003,47111
1083,87.86142857142856,5,22005,83072
1084,42.25333333333333,3,22007,51763
1085,15.355714285714287,0,22009,38316
1086,21.19,1,22011,55343
1087,32.052,2,22013,37198
1088,55.779999999999994,4,22015,54080
1089,59.987647058823526,4,22017,45613
1090,49.65384615384615,4,22019,53050
1091,55.845,4,22021,44007
1092,11.592500000000001,0,22023,60317
1093,27.318,2,22025,36794
1094,16.8575,1,22027,36497
1095,12.583333333333334,0,22029,36276
1096,25.405,2,22031,47347
1097,81.35521739130435,5,22033,56303
1098,8.666666666666666,0,22035,29943
1099,9.43,0,22037,50041
1100,37.06666666666666,3,22039,35146
1101,15.335,0,22041,35484
1102,12.791666666666666,0,22043,49544
1103,44.6875,4,22045,47731
1104,56.46666666666666,4,22047,55198
1105,10.6,0,22049,43232
1106,91.8442857142857,5,22051,55909
1107,25.086000000000002,2,22053,47988
1108,123.26200000000001,5,22055,60053
1109,37.66,3,22057,54145
1110,9.8325,0,22059,51014
1111,20.564,1,22061,41608
1112,106.17571428571429,5,22063,63852
1113,16.79,1,22065,32229
1114,34.5925,3,22067,34922
1115,13.8725,0,22069,49536
1116,72.6621052631579,5,22071,45092
1117,66.79875,5,22073,43235
1118,23.34,1,22075,60795
1119,31.267142857142858,2,22077,48011
1120,34.145,3,22079,49687
1121,20.33,1,22081,39806
1122,20.213333333333335,1,22083,39586
1123,9.290000000000001,0,22085,45486
1124,94.94800000000001,5,22087,45806
1125,102.06428571428572,5,22089,71579
1126,29.96,2,22091,43376
1127,41.405,3,22093,57250
1128,66.14,5,22095,54944
1129,18.62375,1,22097,39599
1130,71.915,5,22099,47247
1131,57.25666666666667,4,22101,40918
1132,76.35307692307693,5,22103,71526
1133,63.333333333333336,4,22105,47860
1134,6.18,0,22107,31436
1135,63.14777777777778,4,22109,51719
1136,11.831999999999999,0,22111,44617
1137,53.39333333333334,4,22113,50193
1138,29.07857142857143,2,22115,51652
1139,18.3625,1,22117,35505
1140,23.80625,2,22119,38386
1141,79.79,5,22121,65344
1142,11.393333333333333,0,22123,42614
1143,13.3,0,22125,65296
1144,24.66,2,22127,43166
1145,38.08615384615385,3,23001,58958
1146,38.776538461538465,3,23003,40675
1147,42.41722222222222,3,23005,75254
1148,26.16444444444444,2,23007,51136
1149,34.485,3,23009,58926
1150,32.7675,3,23011,55358
1151,39.72875,3,23013,55910
1152,23.25052631578947,1,23015,58619
1153,29.706799999999998,2,23017,50344
1154,34.42314285714286,3,23019,50702
1155,20.259999999999998,1,23021,43509
1156,63.771428571428565,4,23023,65841
1157,24.13590909090909,2,23025,45333
1158,14.732941176470588,0,23027,51073
1159,36.5912,3,23029,39068
1160,66.953,5,23031,66803
1161,42.32625,3,24001,48170
1162,108.3914705882353,5,24003,100916
1163,105.51727272727273,5,24009,111056
1164,69.144,5,24011,60143
1165,76.521,5,24013,101810
1166,88.82777777777778,5,24015,75307
1167,82.35625,5,24017,102510
1168,31.51833333333333,2,24019,48709
1169,83.1895238095238,5,24021,102951
1170,78.60333333333334,5,24023,59253
1171,101.71263157894737,5,24025,91492
1172,115.8205,5,24027,121329
1173,54.726,4,24029,65615
1174,122.96499999999999,5,24031,110012
1175,118.22382352941177,5,24033,85357
1176,42.5025,3,24035,101350
1177,51.29916666666667,4,24037,89123
1178,58.04333333333333,4,24039,38731
1179,40.48888888888889,3,24041,75714
1180,52.495333333333335,4,24043,59785
1181,50.928000000000004,4,24045,54351
1182,40.093636363636364,3,24047,65821
1183,87.97405405405405,5,25001,82686
1184,52.97217391304348,4,25003,58805
1185,109.34558823529412,5,25005,69857
1186,133.4125,5,25007,76036
1187,111.42690476190477,5,25009,83253
1188,48.152857142857144,4,25011,60143
1189,65.77085714285714,5,25013,59918
1190,43.29727272727273,3,25015,74142
1191,118.32962962962964,5,25017,106543
1192,155.73,5,25019,96030
1193,117.8702564102564,5,25021,106851
1194,120.80433333333333,5,25023,90584
1195,102.1484375,5,25025,75843
1196,83.25376623376623,5,25027,77795
1197,25.125714285714285,2,26001,41491
1198,12.915000000000001,0,26003,52285
1199,27.53230769230769,2,26005,66568
1200,29.834000000000003,2,26007,43676
1201,31.4175,2,26009,58317
1202,19.553333333333335,1,26011,44017
1203,8.162,0,26013,48371
1204,12.581666666666669,0,26015,67703
1205,49.486000000000004,4,26017,50130
1206,39.656666666666666,3,26019,56934
1207,67.76,5,26021,50659
1208,27.808333333333334,2,26023,52255
1209,33.009166666666665,3,26025,50205
1210,57.324,4,26027,55029
1211,55.458000000000006,4,26029,58831
1212,26.47,2,26031,47876
1213,20.934,1,26033,49610
1214,45.660000000000004,4,26035,42480
1215,20.005,1,26037,72666
1216,28.0,2,26039,49114
1217,28.94,2,26041,48880
1218,35.074999999999996,3,26043,53751
1219,33.73,3,26045,65891
1220,45.82142857142857,4,26047,59456
1221,67.07739130434783,5,26049,50554
1222,49.303333333333335,4,26051,46458
1223,50.104,4,26053,39030
1224,54.85833333333333,4,26055,65041
1225,25.185,2,26057,51046
1226,34.086,3,26059,50015
1227,13.34125,0,26061,45006
1228,26.299,2,26063,49126
1229,58.887058823529415,4,26065,54704
1230,26.21181818181818,2,26067,59582
1231,48.794285714285714,4,26069,43605
1232,14.39333333333333,0,26071,46814
1233,26.9125,2,26073,46677
1234,41.216,3,26075,56001
1235,69.50705882352942,5,26077,56739
1236,17.2175,1,26079,47620
1237,69.25851851851851,5,26081,66560
1238,3.96,0,26083,47318
1239,12.384,0,26085,38044
1240,33.92777777777778,3,26087,66415
1241,48.22428571428571,4,26089,72888
1242,28.439375,2,26091,55466
1243,72.64777777777778,5,26093,87827
1244,18.025,1,26095,45464
1245,21.15222222222222,1,26097,44986
1246,84.72166666666666,5,26099,65051
1247,33.471999999999994,3,26101,50047
1248,27.19625,2,26103,54913
1249,35.505,3,26105,49869
1250,25.715,2,26107,47705
1251,39.11,3,26109,49189
1252,47.885714285714286,4,26111,69859
1253,18.44333333333333,1,26113,51317
1254,52.042,4,26115,64341
1255,29.475,2,26117,52089
1256,10.783333333333331,0,26119,40126
1257,59.15,4,26121,50730
1258,16.65,1,26123,51772
1259,82.44333333333334,5,26125,81257
1260,40.2925,3,26127,52319
1261,44.3425,4,26129,41347
1262,20.50166666666667,1,26131,45531
1263,17.96857142857143,1,26133,47343
1264,14.645,0,26135,44594
1265,24.24,2,26137,52392
1266,63.58923076923077,4,26139,69827
1267,12.07,0,26141,47339
1268,58.727500000000006,4,26143,42546
1269,44.14833333333333,4,26145,48471
1270,57.51238095238095,4,26147,60208
1271,41.48888888888889,3,26149,54024
1272,7.829285714285715,0,26151,49917
1273,36.175,3,26153,50256
1274,33.63333333333333,3,26155,55633
1275,29.529999999999998,2,26157,52342
1276,55.833333333333336,4,26159,58733
1277,82.78375,5,26161,76728
1278,72.01264705882352,5,26163,50753
1279,20.403333333333332,1,26165,53146
1280,20.96625,1,27001,51936
1281,78.7025,5,27003,83363
1282,32.84571428571429,3,27005,61311
1283,50.91833333333333,4,27007,54638
1284,118.96999999999998,5,27009,63395
1285,38.510000000000005,3,27011,52692
1286,30.695999999999998,2,27013,60408
1287,15.315999999999999,0,27015,62904
1288,16.571,1,27017,65749
1289,65.43818181818182,5,27019,101891
1290,27.754545454545454,2,27021,54267
1291,28.23166666666667,2,27023,54984
1292,45.205555555555556,4,27025,84811
1293,35.465,3,27027,64874
1294,49.332,4,27029,54896
1295,46.35999999999999,4,27031,58664
1296,17.358333333333334,1,27033,53725
1297,56.51666666666667,4,27035,60384
1298,98.49235294117648,5,27037,89075
1299,35.99166666666667,3,27039,86436
1300,26.971111111111114,2,27041,67592
1301,43.25,3,27043,54193
1302,22.982499999999998,1,27045,62716
1303,27.732499999999998,2,27047,56716
1304,25.675,2,27049,71497
1305,13.786000000000001,0,27051,55247
1306,87.12046153846154,5,27053,82323
1307,17.06714285714286,1,27055,64920
1308,27.6875,2,27057,56064
1309,31.539999999999996,2,27059,77963
1310,38.871538461538464,3,27061,58660
1311,26.2225,2,27063,57915
1312,8.963333333333333,0,27065,63595
1313,35.7925,3,27067,64129
1314,26.353333333333335,2,27069,62762
1315,9.41625,0,27071,52545
1316,42.694,3,27073,56825
1317,30.45,2,27075,61082
1318,18.325,1,27077,56244
1319,30.145,2,27079,75519
1320,39.193333333333335,3,27081,55328
1321,15.884285714285715,1,27083,63849
1322,52.75625,4,27085,64380
1323,24.23,2,27087,46702
1324,23.669999999999998,2,27089,59793
1325,11.2,0,27091,54602
1326,33.54714285714286,3,27093,63812
1327,31.47,2,27095,59262
1328,46.12777777777777,4,27097,61847
1329,50.99285714285715,4,27099,55276
1330,17.24875,1,27101,61007
1331,68.36800000000001,5,27103,71067
1332,24.56375,2,27105,57300
1333,58.977999999999994,4,27107,53961
1334,52.65599999999999,4,27109,80631
1335,30.94235294117647,2,27111,59901
1336,64.73333333333333,5,27113,55870
1337,24.85363636363636,2,27115,55684
1338,29.983333333333334,2,27117,55405
1339,70.99857142857142,5,27119,60582
1340,12.335,0,27121,59442
1341,77.84368421052632,5,27123,68652
1342,53.199999999999996,4,27125,58384
1343,12.859,0,27127,60097
1344,15.687000000000001,1,27129,59110
1345,34.6925,3,27131,72438
1346,59.3475,4,27133,63451
1347,16.256666666666668,1,27135,62924
1348,33.66315789473684,3,27137,60228
1349,54.445,4,27139,108718
1350,39.77333333333333,3,27141,95323
1351,16.743333333333332,1,27143,66757
1352,46.35058823529412,4,27145,66449
1353,33.839999999999996,3,27147,68603
1354,53.76666666666666,4,27149,59045
1355,47.25,4,27151,60127
1356,41.92875,3,27153,51746
1357,14.975,0,27155,57602
1358,35.29857142857143,3,27157,63435
1359,51.432500000000005,4,27159,50663
1360,22.136666666666667,1,27161,63907
1361,97.68117647058823,5,27163,100857
1362,18.002499999999998,1,27165,57290
1363,18.606,1,27167,69890
1364,38.586666666666666,3,27169,64219
1365,68.28214285714286,5,27171,91374
1366,20.855,1,27173,61074
1367,46.67,4,28001,34583
1368,32.17666666666667,3,28003,43496
1369,21.89,1,28005,41575
1370,11.722,0,28007,36905
1371,14.807500000000001,0,28009,37875
1372,36.864444444444445,3,28011,30309
1373,8.294,0,28013,38648
1374,9.001999999999999,0,28015,44885
1375,18.2975,1,28017,37533
1376,24.98333333333333,2,28019,41146
1377,20.49,1,28021,31221
1378,9.924999999999999,0,28023,42826
1379,23.54,2,28025,33653
1380,19.31,1,28027,30242
1381,21.256,1,28029,42299
1382,9.125,0,28031,42076
1383,52.77375,4,28033,67450
1384,45.372,4,28035,40224
1385,10.0975,0,28037,41420
1386,4.0,0,28041,48641
1387,32.11333333333333,2,28043,40561
1388,58.2225,4,28045,50401
1389,65.264,5,28047,49619
1390,36.40777777777778,3,28049,44773
1391,15.569999999999999,1,28051,26348
1392,14.285,0,28053,28464
1393,27.116000000000003,2,28057,49214
1394,64.52125,5,28059,53414
1395,30.106666666666666,2,28061,40923
1396,8.515,0,28063,30871
1397,33.239999999999995,3,28065,32077
1398,30.3,2,28067,41733
1399,10.91,0,28069,33472
1400,25.340000000000003,2,28071,54034
1401,35.416666666666664,3,28073,62606
1402,22.73125,1,28075,41604
1403,10.475,0,28077,43668
1404,22.709999999999997,1,28079,41007
1405,41.1275,3,28081,50803
1406,12.516666666666666,0,28083,29687
1407,16.813333333333333,1,28085,45062
1408,33.193333333333335,3,28087,49251
1409,73.75,5,28089,70824
1410,7.676666666666667,0,28091,38402
1411,50.914,4,28093,43107
1412,42.644999999999996,3,28095,42464
1413,42.46333333333333,3,28097,38475
1414,14.91,0,28099,41795
1415,7.973999999999999,0,28101,42962
1416,15.965,1,28103,32916
1417,66.07499999999999,5,28105,41631
1418,15.142000000000001,0,28107,40655
1419,55.25,4,28109,45874
1420,25.83,2,28111,43106
1421,41.6775,3,28113,35044
1422,17.59,1,28115,48910
1423,14.72,0,28117,43465
1424,10.626666666666667,0,28119,29318
1425,50.26,4,28121,67284
1426,19.243333333333336,1,28123,41532
1427,5.505,0,28125,31138
1428,7.859999999999999,0,28127,47664
1429,56.050000000000004,4,28129,46296
1430,33.84666666666667,3,28131,47187
1431,11.588333333333333,0,28133,32948
1432,22.77,1,28135,31915
1433,24.94666666666667,2,28137,50188
1434,42.74333333333334,3,28139,44696
1435,24.881999999999998,2,28141,43341
1436,54.10666666666666,4,28143,33993
1437,19.045,1,28145,49320
1438,19.63,1,28147,35465
1439,42.125,3,28149,46606
1440,31.046,2,28151,31018
1441,28.380000000000003,2,28153,39036
1442,41.050000000000004,3,28155,46110
1443,6.956666666666666,0,28157,32612
1444,20.99,1,28159,37596
1445,11.72,0,28161,40515
1446,20.855,1,28163,34817
1447,39.0525,3,29001,43044
1448,27.23,2,29003,62823
1449,20.765,1,29005,50516
1450,58.20399999999999,4,29007,45609
1451,38.82142857142857,3,29009,47155
1452,8.0,0,29011,46397
1453,26.551428571428573,2,29013,48442
1454,43.955,3,29015,42144
1455,14.83,0,29017,45868
1456,53.989,4,29019,58029
1457,44.287,4,29021,49216
1458,22.334999999999997,1,29023,41327
1459,18.412499999999998,1,29025,52872
1460,59.93555555555555,4,29027,58720
1461,37.709,3,29029,51460
1462,33.57625,3,29031,57618
1463,32.190000000000005,3,29033,50628
1464,40.48,3,29035,36383
1465,29.426363636363636,2,29037,73882
1466,31.665,2,29039,38427
1467,61.815,4,29041,50589
1468,16.067777777777778,1,29043,63400
1469,33.792500000000004,3,29045,46001
1470,68.56533333333333,5,29047,70705
1471,15.8525,1,29049,64541
1472,22.936666666666667,1,29051,61847
1473,29.937142857142856,2,29053,56957
1474,13.341666666666667,0,29055,48315
1475,27.786666666666665,2,29057,42421
1476,24.419999999999998,2,29059,42389
1477,16.164285714285715,1,29061,48197
1478,32.016666666666666,2,29063,53997
1479,12.0375,0,29065,45540
1480,8.34,0,29067,39773
1481,23.37,1,29069,38880
1482,29.689285714285713,2,29071,61428
1483,34.847500000000004,3,29073,53751
1484,13.495000000000001,0,29075,53663
1485,38.076428571428565,3,29077,45313
1486,26.999999999999996,2,29079,44323
1487,24.986666666666665,2,29081,43016
1488,19.86428571428571,1,29083,46995
1489,24.84,2,29085,32934
1490,11.526,0,29087,47429
1491,15.219999999999999,0,29089,49923
1492,17.276,1,29091,40177
1493,32.408,3,29093,39292
1494,78.45142857142856,5,29095,57907
1495,49.62375,4,29097,46021
1496,58.716153846153844,4,29099,68779
1497,32.88125,3,29101,58396
1498,16.445,1,29103,41755
1499,46.806666666666665,4,29105,43969
1500,25.40888888888889,2,29107,62264
1501,21.577142857142857,1,29109,45746
1502,16.194,1,29111,40782
1503,27.99875,2,29113,69178
1504,28.221249999999998,2,29115,45774
1505,39.071666666666665,3,29117,49065
1506,10.393333333333333,0,29119,39615
1507,25.591428571428573,2,29121,45717
1508,28.53,2,29123,43919
1509,16.3,1,29125,49712
1510,38.865,3,29127,50803
1511,49.760000000000005,4,29129,44343
1512,24.27,2,29131,49252
1513,51.596666666666664,4,29133,36802
1514,41.56333333333333,3,29135,57321
1515,19.786,1,29137,48399
1516,30.47,2,29139,50282
1517,52.535000000000004,4,29141,44473
1518,37.994,3,29143,42115
1519,20.314,1,29145,53251
1520,39.917272727272724,3,29147,47419
1521,21.3025,1,29149,35356
1522,12.44,0,29151,60728
1523,10.7275,0,29153,36019
1524,25.11,2,29155,34280
1525,17.12,1,29157,57032
1526,25.342000000000002,2,29159,48516
1527,54.9275,4,29161,46573
1528,31.425,2,29163,49089
1529,49.281,4,29165,84456
1530,10.187999999999999,0,29167,44837
1531,26.21875,2,29169,55620
1532,15.24,0,29171,42434
1533,40.983333333333334,3,29173,63419
1534,59.315,4,29175,48043
1535,14.985,0,29177,61678
1536,6.08,0,29179,37415
1537,13.245000000000001,0,29181,35788
1538,62.221666666666664,4,29183,89236
1539,70.43,5,29185,39319
1540,19.099999999999998,1,29186,61662
1541,62.298333333333325,4,29187,43886
1542,19.686,1,29195,47324
1543,12.903333333333334,0,29197,43183
1544,13.406666666666666,0,29199,46871
1545,38.79600000000001,3,29201,44924
1546,7.609999999999999,0,29203,36477
1547,21.39,1,29205,45939
1548,35.60857142857143,3,29207,42363
1549,18.19,1,29209,50262
1550,21.06,1,29211,43421
1551,16.67875,1,29213,49314
1552,12.616666666666667,0,29215,38914
1553,12.714999999999998,0,29217,46182
1554,43.355,3,29219,63726
1555,27.185,2,29221,41198
1556,15.959999999999999,1,29223,35397
1557,10.236,0,29225,54844
1558,23.566666666666663,2,29227,45023
1559,10.5975,0,29229,39384
1560,21.113999999999997,1,30001,49771
1561,21.78857142857143,1,30003,43718
1562,14.219999999999999,0,30005,44090
1563,9.129999999999999,0,30007,60622
1564,25.602857142857143,2,30009,57585
1565,0.77,0,30011,49057
1566,29.571818181818184,2,30013,51732
1567,9.48,0,30015,48017
1568,25.055,2,30017,49379
1569,15.015,0,30019,50001
1570,51.2275,4,30021,56677
1571,24.56,2,30023,41780
1572,92.05,5,30025,65651
1573,29.44,2,30027,48703
1574,31.270000000000003,2,30029,61334
1575,35.46875,3,30031,73731
1576,28.855,2,30033,43106
1577,37.165,3,30035,41808
1578,63.84,5,30037,40469
1579,7.43,0,30039,49646
1580,17.58857142857143,1,30041,51881
1581,19.47,1,30043,70929
1582,10.75,0,30045,49401
1583,32.791666666666664,3,30047,49019
1584,24.656666666666666,2,30049,66075
1585,13.22,0,30051,41240
1586,26.4675,2,30053,43669
1587,52.59,4,30055,48551
1588,31.560000000000002,2,30057,56579
1589,10.86,0,30059,43946
1590,8.506666666666666,0,30061,43928
1591,26.94,2,30063,57279
1592,19.146666666666665,1,30065,48290
1593,9.2825,0,30067,51740
1594,33.87,3,30069,42081
1595,10.428,0,30071,47679
1596,9.13,0,30073,48542
1597,7.68,0,30075,47843
1598,14.336666666666666,0,30077,49387
1599,22.075,1,30079,46663
1600,14.921666666666667,0,30081,57209
1601,61.45666666666667,4,30083,69095
1602,22.28833333333333,1,30085,38409
1603,14.504999999999999,0,30087,58139
1604,5.6575,0,30089,45193
1605,16.898333333333333,1,30091,51111
1606,24.706666666666663,2,30093,49249
1607,15.838333333333333,1,30095,68186
1608,16.96,1,30097,55259
1609,13.976666666666667,0,30099,54458
1610,21.49333333333333,1,30101,49448
1611,5.62,0,30103,51754
1612,11.134285714285713,0,30105,51869
1613,13.53,0,30107,42059
1614,39.51,3,30109,51145
1615,28.506666666666664,2,30111,61435
1616,28.564999999999998,2,31001,55182
1617,31.78142857142857,2,31003,50771
1618,22.52,1,31005,46417
1619,,,31007,54706
1620,8.504999999999999,0,31009,45411
1621,23.485,1,31011,58204
1622,41.535000000000004,3,31013,61522
1623,34.545,3,31015,46548
1624,42.58,3,31017,48843
1625,54.43333333333334,4,31019,64759
1626,32.608,3,31021,54554
1627,23.603333333333335,2,31023,63310
1628,21.051666666666666,1,31025,72915
1629,14.39625,0,31027,60400
1630,26.235,2,31029,57656
1631,13.4075,0,31031,50677
1632,26.585,2,31033,56229
1633,13.375714285714285,0,31035,63829
1634,10.7075,0,31037,62472
1635,21.865,1,31039,59505
1636,14.1,0,31041,51004
1637,36.545,3,31043,61010
1638,21.197499999999998,1,31045,46377
1639,26.486,2,31047,56839
1640,19.04,1,31049,48793
1641,63.42714285714286,4,31051,57324
1642,15.382,0,31053,60853
1643,81.1321875,5,31055,67264
1644,16.98,1,31057,45446
1645,22.715,1,31059,60440
1646,30.456666666666667,2,31061,49659
1647,15.325,0,31063,55712
1648,41.74333333333333,3,31065,50705
1649,14.787777777777778,0,31067,56817
1650,9.02,0,31069,41158
1651,14.31,0,31071,52707
1652,6.8,0,31073,64870
1653,27.24,2,31075,60773
1654,11.7675,0,31077,48178
1655,36.06,3,31079,57371
1656,43.586,3,31081,68236
1657,9.785,0,31083,53362
1658,11.96,0,31085,46399
1659,8.5525,0,31087,49451
1660,25.016666666666666,2,31089,54474
1661,8.76,0,31091,50093
1662,14.205,0,31093,56881
1663,12.645714285714288,0,31095,56740
1664,37.27,3,31097,54567
1665,27.439999999999998,2,31099,64461
1666,17.142,1,31101,51478
1667,28.44,2,31103,46010
1668,21.865000000000002,1,31105,52284
1669,13.87857142857143,0,31107,53676
1670,45.32586206896552,4,31109,61383
1671,27.224999999999998,2,31111,60924
1672,10.06,0,31113,53108
1673,,,31115,51559
1674,13.67,0,31117,52033
1675,14.306666666666667,0,31119,58275
1676,28.005000000000003,2,31121,53411
1677,22.6175,1,31123,49982
1678,12.535,0,31125,55853
1679,51.355000000000004,4,31127,55343
1680,14.979999999999999,0,31129,48624
1681,28.781666666666666,2,31131,66293
1682,13.835,0,31133,47006
1683,18.193333333333335,1,31135,63443
1684,17.703333333333333,1,31137,61420
1685,15.316666666666668,0,31139,67465
1686,26.5,2,31141,62804
1687,12.885,0,31143,66462
1688,114.244,5,31145,50260
1689,20.422,1,31147,50207
1690,9.69,0,31149,53905
1691,31.15625,2,31151,59937
1692,78.39166666666667,5,31153,84016
1693,30.347272727272728,2,31155,71086
1694,45.394999999999996,4,31157,50263
1695,20.947499999999998,1,31159,72291
1696,20.346666666666668,1,31161,46159
1697,40.20399999999999,3,31163,48735
1698,53.45,4,31165,47983
1699,26.28,2,31167,62045
1700,11.32375,0,31169,52439
1701,7.725,0,31171,51401
1702,18.580000000000002,1,31173,48891
1703,27.723333333333333,2,31175,47981
1704,29.275,2,31177,75197
1705,40.4375,3,31179,57655
1706,18.168,1,31181,49518
1707,56.8,4,31183,50207
1708,26.4225,2,31185,59749
1709,33.75,3,32001,56335
1710,89.9059375,5,32003,62131
1711,70.135,5,32005,76296
1712,7.018571428571429,0,32007,83287
1713,3.21,0,32009,50675
1714,6.029999999999999,0,32011,71541
1715,11.27,0,32013,73106
1716,20.78,1,32015,81239
1717,8.913333333333334,0,32017,58782
1718,33.414,3,32019,59406
1719,19.75,1,32021,43771
1720,19.867142857142856,1,32023,48490
1721,6.64,0,32027,58562
1722,75.29578947368422,5,32031,71733
1723,8.15,0,32033,60086
1724,58.67846153846154,4,33001,68752
1725,55.154583333333335,4,33003,64495
1726,30.062083333333334,2,33005,65326
1727,45.256,4,33007,49156
1728,41.112812500000004,3,33009,62468
1729,92.65411764705883,5,33011,82862
1730,74.09272727272727,5,33013,75800
1731,95.33242424242424,5,33015,91416
1732,51.7325,4,33017,71486
1733,29.916153846153843,2,33019,63518
1734,87.01333333333334,5,34001,62678
1735,113.7759090909091,5,34003,107971
1736,119.84142857142857,5,34005,88443
1737,93.24606060606061,5,34007,73168
1738,129.12916666666666,5,34009,66565
1739,89.20222222222223,5,34011,54179
1740,98.4616129032258,5,34013,64522
1741,89.68318181818182,5,34015,87996
1742,93.58687499999999,5,34017,77738
1743,65.14111111111112,5,34019,117275
1744,122.49571428571429,5,34021,79475
1745,98.04942857142858,5,34023,92770
1746,117.90652173913043,5,34025,102579
1747,100.03227272727273,5,34027,116328
1748,116.71249999999999,5,34029,75627
1749,90.61962962962963,5,34031,76039
1750,122.61857142857143,5,34033,68146
1751,104.60304347826086,5,34035,112722
1752,56.650555555555556,4,34037,100281
1753,111.14653846153846,5,34039,79953
1754,51.751,4,34041,83998
1755,55.13857142857143,4,35001,56148
1756,7.6675,0,35003,37190
1757,57.552,4,35005,43687
1758,32.025999999999996,2,35006,40436
1759,28.0425,2,35007,42754
1760,37.534000000000006,3,35009,45623
1761,38.72,3,35011,34746
1762,22.362499999999997,1,35015,63671
1763,17.637500000000003,1,35017,43175
1764,42.13,3,35019,36554
1765,23.525,2,35021,38162
1766,4.845,0,35023,37322
1767,45.211666666666666,4,35025,63012
1768,29.382857142857144,2,35027,47254
1769,124.1,5,35028,122001
1770,13.61,0,35029,32544
1771,6.465,0,35031,36404
1772,2.9033333333333338,0,35033,36968
1773,23.5975,2,35035,43135
1774,14.347142857142858,0,35037,34596
1775,15.901999999999997,1,35039,44579
1776,19.753999999999998,1,35041,44928
1777,55.03357142857143,4,35043,71118
1778,40.252500000000005,3,35045,46201
1779,15.838333333333333,1,35047,36986
1780,42.581,3,35049,61791
1781,14.836666666666668,0,35051,33661
1782,33.715,3,35053,39582
1783,34.645714285714284,3,35055,43032
1784,10.837499999999999,0,35057,39532
1785,22.865,1,35059,38221
1786,45.184000000000005,4,35061,54867
1787,61.598125,4,36001,69408
1788,29.8625,2,36003,49411
1789,82.9004,5,36005,41470
1790,50.91411764705882,4,36007,52179
1791,22.981176470588235,1,36009,50783
1792,28.096153846153847,2,36011,58055
1793,26.41913043478261,2,36013,50143
1794,70.20166666666667,5,36015,58400
1795,20.2025,1,36017,51894
1796,22.96260869565217,1,36019,59069
1797,32.30222222222223,3,36021,71563
1798,23.607142857142858,2,36023,55143
1799,29.526190476190475,2,36025,51038
1800,106.18703703703704,5,36027,84564
1801,63.45966101694915,4,36029,60620
1802,36.22222222222222,3,36031,55091
1803,46.644999999999996,4,36033,48943
1804,34.12428571428571,3,36035,50061
1805,36.05461538461538,3,36037,62570
1806,74.517,5,36039,54746
1807,24.384285714285713,2,36041,60148
1808,27.264705882352942,2,36043,55778
1809,44.18857142857143,4,36045,53829
1810,98.41947368421053,5,36047,66501
1811,26.48875,2,36049,56599
1812,39.970000000000006,3,36051,60268
1813,29.50944444444444,2,36053,61713
1814,62.03051282051282,4,36055,62159
1815,45.5875,4,36057,52092
1816,117.03238805970149,5,36059,117767
1817,140.45088235294116,5,36061,93007
1818,48.03125,4,36063,56371
1819,41.772666666666666,3,36065,56516
1820,80.94783783783784,5,36067,61597
1821,47.64090909090908,4,36069,66754
1822,83.26147058823528,5,36071,83188
1823,38.8775,3,36073,53115
1824,52.998000000000005,4,36075,57640
1825,21.57428571428571,1,36077,52414
1826,116.92375,5,36079,105600
1827,113.56578125,5,36081,72975
1828,51.32904761904762,4,36083,70688
1829,84.46538461538461,5,36085,86624
1830,109.85799999999999,5,36087,99831
1831,32.0596,2,36089,51742
1832,61.584210526315786,4,36091,89071
1833,72.19083333333333,5,36093,64960
1834,58.74153846153846,4,36095,58927
1835,21.538999999999998,1,36097,52215
1836,38.82285714285714,3,36099,51064
1837,33.51157894736842,3,36101,53167
1838,115.10505617977529,5,36103,105241
1839,76.17821428571428,5,36105,58851
1840,27.028888888888886,2,36107,60699
1841,67.4825,5,36109,59176
1842,86.44285714285714,5,36111,64090
1843,46.041333333333334,4,36113,63240
1844,54.20166666666666,4,36115,56897
1845,56.14333333333333,4,36117,61989
1846,116.44411764705882,5,36119,101741
1847,41.96727272727273,3,36121,58214
1848,43.668,3,36123,60612
1849,67.75142857142858,5,37001,57963
1850,92.00666666666666,5,37003,54960
1851,39.34,3,37005,41420
1852,31.526,2,37007,40826
1853,32.145,3,37009,41542
1854,272.53499999999997,5,37011,45823
1855,24.22375,2,37013,49410
1856,19.9225,1,37015,37899
1857,27.305714285714284,2,37017,42260
1858,97.99,5,37019,63712
1859,72.04428571428572,5,37021,55448
1860,48.332499999999996,4,37023,47890
1861,83.59857142857143,5,37025,72071
1862,106.61666666666667,5,37027,48512
1863,57.28,4,37029,69610
1864,59.35857142857143,4,37031,60058
1865,43.01,3,37033,51240
1866,60.803333333333335,4,37035,53688
1867,51.44714285714286,4,37037,70258
1868,9.793333333333333,0,37039,42764
1869,43.695,3,37041,47126
1870,36.81,3,37043,47116
1871,82.62,5,37045,46012
1872,65.24249999999999,5,37047,39531
1873,42.93555555555556,3,37049,53372
1874,64.8,5,37051,46599
1875,23.068181818181817,1,37053,70699
1876,68.37833333333333,5,37055,63033
1877,63.31,4,37057,53924
1878,54.205,4,37059,63828
1879,38.928999999999995,3,37061,44929
1880,88.2175,5,37063,65541
1881,50.709999999999994,4,37065,40784
1882,79.8,5,37067,53054
1883,94.1125,5,37069,57371
1884,58.9775,4,37071,56542
1885,35.435,3,37073,54204
1886,18.915,1,37075,45813
1887,49.035,4,37077,54300
1888,16.3625,1,37079,44648
1889,81.5190909090909,5,37081,55820
1890,49.558571428571426,4,37083,38727
1891,41.44777777777777,3,37085,55619
1892,73.24833333333333,5,37087,51612
1893,46.165,4,37089,61651
1894,21.972857142857144,1,37091,42374
1895,52.14,4,37093,48420
1896,35.155,3,37095,43112
1897,73.32714285714285,5,37097,68308
1898,15.768333333333333,1,37099,47759
1899,56.698750000000004,4,37101,62835
1900,37.65,3,37103,46275
1901,63.88,5,37105,53114
1902,45.09333333333333,4,37107,39947
1903,65.262,5,37109,70479
1904,71.56,5,37111,46370
1905,18.425,1,37113,46279
1906,7.203333333333333,0,37115,50062
1907,16.928,1,37117,39413
1908,93.968125,5,37119,69455
1909,54.510000000000005,4,37121,47675
1910,27.344,2,37123,46497
1911,53.26700000000001,4,37125,63942
1912,31.606666666666666,2,37127,50902
1913,97.298,5,37129,57252
1914,9.14125,0,37131,39777
1915,62.72416666666667,4,37133,50645
1916,79.99,5,37135,74314
1917,38.3775,3,37137,52522
1918,163.2,5,37139,51245
1919,72.338,5,37141,60405
1920,14.37,0,37143,50804
1921,71.8,5,37145,54553
1922,63.71222222222223,4,37147,52961
1923,28.79,2,37149,53405
1924,39.586666666666666,3,37151,50129
1925,28.845,2,37153,40518
1926,36.92727272727273,3,37155,36366
1927,49.800000000000004,4,37157,44686
1928,69.35363636363637,5,37159,52051
1929,24.045,2,37161,44547
1930,22.758000000000003,1,37163,45997
1931,28.792,2,37165,39197
1932,57.278571428571425,4,37167,58303
1933,36.97888888888889,3,37169,52356
1934,40.403333333333336,3,37171,48637
1935,27.88,2,37173,46075
1936,52.98857142857143,4,37175,55628
1937,5.0,0,37177,37680
1938,103.04285714285713,5,37179,86138
1939,29.605,2,37181,40450
1940,105.3009375,5,37183,84377
1941,31.737499999999997,2,37185,37027
1942,21.835,1,37187,40157
1943,43.65,3,37189,51630
1944,48.02875,4,37191,45634
1945,47.5,4,37193,45250
1946,49.406666666666666,4,37195,42414
1947,39.013999999999996,3,37197,50929
1948,45.81999999999999,4,37199,47664
1949,27.86,2,38001,55880
1950,32.1475,3,38003,60689
1951,29.430000000000003,2,38005,45709
1952,17.12,1,38007,69528
1953,43.225,3,38009,62904
1954,62.599999999999994,4,38011,65411
1955,28.936,2,38013,67545
1956,74.878,5,38015,73565
1957,61.022666666666666,4,38017,63977
1958,18.246666666666666,1,38019,63484
1959,34.3725,3,38021,57490
1960,30.925,2,38023,61506
1961,51.36,4,38025,75723
1962,35.335,3,38027,54465
1963,51.9875,4,38029,53073
1964,63.84,5,38031,54917
1965,27.65,2,38033,58370
1966,29.91909090909091,2,38035,57388
1967,123.14333333333333,5,38037,41841
1968,55.6425,4,38039,56527
1969,34.84666666666667,3,38041,54600
1970,75.83,5,38043,50570
1971,58.81375,4,38045,56059
1972,48.335,4,38047,51496
1973,52.5625,4,38049,59661
1974,42.155,3,38051,47349
1975,40.07142857142857,3,38053,86890
1976,67.931,5,38055,67453
1977,67.22,5,38057,83341
1978,58.43571428571429,4,38059,68051
1979,55.205714285714286,4,38061,69040
1980,31.962,2,38063,56098
1981,56.74,4,38065,72919
1982,33.612857142857145,3,38067,59970
1983,34.985,3,38069,56753
1984,22.35,1,38071,60710
1985,60.817499999999995,4,38073,66422
1986,40.64,3,38075,84986
1987,44.29,4,38077,62837
1988,25.467142857142854,2,38079,45296
1989,80.538,5,38081,67551
1990,28.09,2,38083,58725
1991,48.62,4,38085,37133
1992,28.55,2,38087,52695
1993,67.00166666666667,5,38089,68759
1994,10.246666666666668,0,38091,67661
1995,39.89444444444444,3,38093,60297
1996,4.890000000000001,0,38095,53024
1997,36.97333333333333,3,38097,69443
1998,24.81625,2,38099,59153
1999,38.62,3,38101,68634
2000,37.4425,3,38103,56167
2001,59.29222222222222,4,38105,84606
2002,43.09,3,39001,43145
2003,35.2,3,39003,58271
2004,27.1025,2,39005,52554
2005,38.20285714285715,3,39007,47388
2006,22.16222222222222,1,39009,43621
2007,33.056,3,39011,64227
2008,47.605000000000004,4,39013,50166
2009,29.457,2,39015,58441
2010,75.51583333333333,5,39017,68611
2011,71.8475,5,39019,56999
2012,38.262,3,39021,62077
2013,51.22545454545455,4,39023,50832
2014,77.82363636363635,5,39025,68724
2015,20.861666666666668,1,39027,52870
2016,73.94363636363636,5,39029,52693
2017,41.05833333333333,3,39031,49679
2018,31.812,2,39033,49484
2019,74.3213725490196,5,39035,52503
2020,28.240000000000002,2,39037,56824
2021,20.002499999999998,1,39039,60918
2022,69.381,5,39041,110252
2023,32.30166666666667,3,39043,60790
2024,37.4,3,39045,71782
2025,46.03,4,39047,51023
2026,71.57475,5,39049,64648
2027,26.177142857142858,2,39051,64334
2028,18.762857142857143,1,39053,48094
2029,35.922000000000004,3,39055,79865
2030,57.24909090909091,4,39057,69709
2031,24.3625,2,39059,48283
2032,84.47354166666666,5,39061,60251
2033,19.31125,1,39063,62720
2034,21.94875,1,39065,51155
2035,8.8425,0,39067,50137
2036,31.069999999999997,2,39069,61351
2037,31.7975,2,39071,47126
2038,11.895,0,39073,51016
2039,60.42666666666667,4,39075,62596
2040,50.7175,4,39077,56704
2041,17.235,1,39079,50671
2042,40.43333333333333,3,39081,47652
2043,27.35166666666667,2,39083,59957
2044,65.89999999999999,5,39085,65040
2045,49.07222222222222,4,39087,46433
2046,35.43454545454545,3,39089,66321
2047,17.18285714285714,1,39091,60624
2048,53.94285714285714,4,39093,59201
2049,47.06,4,39095,49924
2050,51.212,4,39097,65696
2051,49.7272,4,39099,48018
2052,17.877142857142857,1,39101,51479
2053,43.67727272727273,3,39103,78540
2054,15.551428571428572,1,39105,43754
2055,29.17285714285714,2,39107,67075
2056,38.93,3,39109,63524
2057,5.17,0,39111,48231
2058,57.6541935483871,4,39113,54704
2059,29.805,2,39115,46883
2060,12.9,0,39117,59498
2061,22.74,1,39119,52105
2062,78.2,5,39121,50788
2063,33.667142857142856,3,39123,63352
2064,24.821428571428573,2,39125,58100
2065,27.988,2,39127,51875
2066,36.46666666666667,3,39129,63931
2067,12.1975,0,39131,46255
2068,48.44571428571429,4,39133,57439
2069,34.08375,3,39135,62128
2070,20.992857142857144,1,39137,73454
2071,33.944545454545455,3,39139,51883
2072,30.60166666666667,2,39141,54728
2073,36.49875,3,39143,58415
2074,22.95909090909091,1,39145,45410
2075,24.63222222222222,2,39147,55664
2076,27.7425,2,39149,64304
2077,38.55241379310345,3,39151,55623
2078,58.50709677419355,4,39153,57753
2079,69.54631578947368,5,39155,47966
2080,27.669999999999998,2,39157,54150
2081,36.5925,3,39159,91597
2082,17.23,1,39161,55361
2083,20.415000000000003,1,39163,46301
2084,67.07454545454546,5,39165,91645
2085,23.748235294117645,2,39167,52565
2086,31.407857142857143,2,39169,58747
2087,26.915714285714284,2,39171,54239
2088,40.836190476190474,3,39173,64723
2089,22.630000000000003,1,39175,61733
2090,12.2075,0,40001,39589
2091,23.642000000000003,2,40003,57497
2092,27.67,2,40005,41872
2093,16.9525,1,40007,55397
2094,24.8525,2,40009,50512
2095,56.97,4,40011,50574
2096,20.0,1,40013,44074
2097,37.053333333333335,3,40015,45755
2098,120.32428571428571,5,40017,75111
2099,12.23857142857143,0,40019,51895
2100,29.8675,2,40021,45544
2101,8.687999999999999,0,40023,37131
2102,12.595,0,40025,47602
2103,61.8425,4,40027,64706
2104,10.809999999999999,0,40029,41273
2105,48.39545454545455,4,40031,51184
2106,64.6875,5,40033,46450
2107,19.5875,1,40035,42978
2108,34.85125,3,40037,54737
2109,33.833333333333336,3,40039,51803
2110,61.31555555555556,4,40041,44602
2111,21.9425,1,40043,56316
2112,20.526666666666667,1,40045,54013
2113,44.58142857142857,4,40047,58381
2114,29.755,2,40049,46786
2115,30.90166666666667,2,40051,63647
2116,19.5025,1,40053,60303
2117,83.69,5,40055,38641
2118,66.21000000000001,5,40057,37988
2119,34.835,3,40059,40265
2120,14.538,0,40061,41643
2121,9.181666666666667,0,40063,37631
2122,35.275999999999996,3,40065,48430
2123,6.4624999999999995,0,40067,39785
2124,10.285,0,40069,41805
2125,49.365,4,40071,48522
2126,42.856,3,40073,68839
2127,8.200000000000001,0,40075,39788
2128,13.49,0,40077,42014
2129,34.11538461538461,3,40079,42378
2130,12.087777777777779,0,40081,51012
2131,80.33999999999999,5,40083,66625
2132,20.9625,1,40085,51481
2133,43.63666666666666,3,40087,75009
2134,14.1,0,40089,40803
2135,13.739999999999998,0,40091,40614
2136,7.540000000000001,0,40093,59690
2137,16.69666666666667,1,40095,45005
2138,19.738,1,40097,49293
2139,11.605,0,40099,50965
2140,28.775,2,40101,43392
2141,56.39,4,40103,56307
2142,4.068,0,40105,47456
2143,9.945,0,40107,39265
2144,93.76326530612243,5,40109,56272
2145,25.532,2,40111,41725
2146,22.884285714285713,1,40113,50667
2147,46.465,4,40115,41530
2148,21.2775,1,40117,47646
2149,71.51375,5,40119,43025
2150,21.42,1,40121,47215
2151,29.035,2,40123,49510
2152,24.12222222222222,2,40125,52747
2153,7.971666666666667,0,40127,37718
2154,88.195,5,40129,59286
2155,26.422857142857143,2,40131,67054
2156,47.845,4,40133,40725
2157,25.828333333333333,2,40135,43038
2158,42.163333333333334,3,40137,47826
2159,22.468333333333334,1,40139,56014
2160,46.505,4,40141,41251
2161,86.94666666666666,5,40143,57668
2162,47.816,4,40145,65191
2163,24.026666666666667,2,40147,62515
2164,59.485,4,40149,50823
2165,26.905,2,40151,40684
2166,21.99666666666667,1,40153,73253
2167,18.513333333333332,1,41001,48530
2168,40.935,3,41003,69148
2169,68.73608695652175,5,41005,80539
2170,67.0925,5,41007,59339
2171,41.86875,3,41009,72285
2172,36.76875,3,41011,49504
2173,19.046666666666667,1,41013,58739
2174,30.035,2,41015,51267
2175,55.126666666666665,4,41017,71880
2176,38.04904761904762,3,41019,48940
2177,14.8,0,41021,61205
2178,20.416,1,41023,49792
2179,27.505,2,41025,39874
2180,25.546666666666667,2,41027,68835
2181,39.40642857142858,3,41029,56367
2182,11.753333333333336,0,41031,52543
2183,20.176,1,41033,47533
2184,13.470769230769232,0,41035,53030
2185,8.620000000000001,0,41037,47867
2186,30.865172413793104,2,41039,57212
2187,55.67,4,41041,52276
2188,35.34538461538462,3,41043,61084
2189,19.785,1,41045,42019
2190,56.14090909090908,4,41047,64058
2191,32.94,3,41049,59781
2192,74.576875,5,41051,72469
2193,66.30428571428571,5,41053,69757
2194,16.063333333333333,1,41055,60035
2195,55.815714285714286,4,41057,52298
2196,26.215454545454545,2,41059,58286
2197,44.98833333333334,4,41061,54264
2198,14.916,0,41063,52106
2199,18.16,1,41065,56993
2200,72.496,5,41067,85665
2201,23.72,2,41069,42747
2202,46.092999999999996,4,41071,71815
2203,57.27090909090909,4,42001,67706
2204,92.0735632183908,5,42003,64799
2205,25.258333333333336,2,42005,56259
2206,77.716875,5,42007,60323
2207,61.98266666666667,4,42009,54251
2208,90.75243243243244,5,42011,67418
2209,32.35583333333333,3,42013,51004
2210,25.6855,2,42015,51356
2211,102.47428571428571,5,42017,93587
2212,77.58333333333333,5,42019,72576
2213,60.7056,4,42021,48798
2214,20.15,1,42023,43704
2215,61.11625,4,42025,59985
2216,43.464444444444446,3,42027,61036
2217,127.47966666666666,5,42029,102233
2218,39.89555555555555,3,42031,49173
2219,25.027647058823533,2,42033,46967
2220,47.004999999999995,4,42035,50777
2221,36.36666666666667,3,42037,54377
2222,31.250714285714285,2,42039,49741
2223,88.16799999999999,5,42041,75269
2224,85.3509090909091,5,42043,60763
2225,111.82837837837837,5,42045,76783
2226,15.94090909090909,1,42047,55462
2227,48.76571428571429,4,42049,51923
2228,57.31363636363637,4,42051,48055
2229,36.074999999999996,3,42053,41267
2230,41.36631578947369,3,42055,62699
2231,25.013333333333335,2,42057,56357
2232,21.504666666666665,1,42059,56599
2233,33.01461538461538,3,42061,54323
2234,29.008076923076924,2,42063,51299
2235,12.367222222222223,0,42065,50789
2236,29.665714285714284,2,42067,57837
2237,54.99454545454545,4,42069,53655
2238,51.92717948717949,4,42071,67515
2239,32.339166666666664,3,42073,50979
2240,60.617777777777775,4,42075,61560
2241,71.25461538461538,5,42077,65436
2242,31.927333333333333,2,42079,53439
2243,32.824666666666666,3,42081,53762
2244,18.149285714285714,1,42083,53266
2245,40.602,3,42085,54099
2246,24.49285714285714,2,42087,50571
2247,80.54045454545455,5,42089,63012
2248,125.4113725490196,5,42091,92340
2249,36.525000000000006,3,42093,65534
2250,73.54375,5,42095,73780
2251,49.42857142857143,4,42097,47967
2252,60.05166666666667,4,42099,65401
2253,94.40249999999999,5,42101,47598
2254,62.486000000000004,4,42103,66595
2255,13.812222222222223,0,42105,49054
2256,65.3612,5,42107,55951
2257,14.646666666666667,0,42109,56873
2258,61.551,4,42111,49082
2259,16.169999999999998,1,42113,51718
2260,19.529500000000002,1,42115,60235
2261,30.69727272727273,2,42117,51324
2262,36.660000000000004,3,42119,61306
2263,39.885000000000005,3,42121,53619
2264,9.100769230769231,0,42123,52592
2265,42.904782608695655,3,42125,65558
2266,50.53875,4,42127,56265
2267,62.06666666666666,4,42129,59407
2268,27.183333333333334,2,42131,60419
2269,75.0684375,5,42133,69101
2270,111.41000000000001,5,44001,87926
2271,110.2175,5,44003,74230
2272,74.32142857142857,5,44005,80862
2273,100.36027777777777,5,44007,62165
2274,75.0311111111111,5,44009,86450
2275,109.8825,5,45001,46499
2276,48.07533333333333,4,45003,56824
2277,14.0425,0,45005,32147
2278,88.06833333333334,5,45007,54496
2279,47.9875,4,45009,35364
2280,40.24,3,45011,36675
2281,79.3425,5,45013,73890
2282,48.346363636363634,4,45015,68690
2283,20.01,1,45017,47090
2284,63.216521739130435,4,45019,70980
2285,70.33333333333333,5,45021,46905
2286,20.286666666666665,1,45023,45400
2287,22.64875,1,45025,42441
2288,45.867999999999995,4,45027,39900
2289,20.71625,1,45029,40808
2290,30.736,2,45031,44007
2291,23.141428571428573,1,45033,35483
2292,57.40888888888888,4,45035,68051
2293,22.85,1,45037,52591
2294,21.052500000000002,1,45039,42496
2295,44.09090909090909,3,45041,49770
2296,67.80333333333333,5,45043,53747
2297,84.8375,5,45045,64399
2298,31.21166666666667,2,45047,43958
2299,60.92875,4,45049,37560
2300,72.51142857142858,5,45051,53648
2301,32.4725,3,45053,50790
2302,34.858,3,45055,56318
2303,67.4125,5,45057,63842
2304,33.46,3,45059,47038
2305,24.835,2,45061,37710
2306,68.06285714285714,5,45063,62059
2307,70.55600000000001,5,45065,48645
2308,32.74,3,45067,35138
2309,12.9025,0,45069,34532
2310,23.072857142857142,1,45071,50773
2311,22.31222222222222,1,45073,52240
2312,31.874666666666666,2,45075,38736
2313,57.58111111111111,4,45077,52949
2314,68.25,5,45079,52905
2315,9.09,0,45081,49493
2316,76.03200000000001,5,45083,55588
2317,44.081111111111106,3,45085,49611
2318,72.08666666666666,5,45087,42851
2319,56.17833333333334,4,45089,34409
2320,98.40818181818182,5,45091,68468
2321,19.61,1,46003,56360
2322,30.995,2,46005,51844
2323,9.186666666666666,0,46007,36345
2324,11.588,0,46009,52660
2325,28.035,2,46011,59036
2326,50.16571428571429,4,46013,61447
2327,15.579999999999998,1,46015,65008
2328,0.985,0,46017,26671
2329,25.643333333333334,2,46019,50105
2330,41.519999999999996,3,46021,56043
2331,11.79,0,46023,51340
2332,18.295,1,46025,54158
2333,45.785,4,46027,51039
2334,26.508000000000003,2,46029,63442
2335,10.081249999999999,0,46031,32848
2336,10.735,0,46033,63665
2337,54.72,4,46035,57367
2338,38.21666666666667,3,46037,51516
2339,17.32,1,46039,65217
2340,25.729999999999997,2,46041,47640
2341,9.742,0,46043,56030
2342,26.8425,2,46045,59905
2343,14.108,0,46047,49965
2344,10.795,0,46049,49198
2345,21.73,1,46051,60057
2346,16.602857142857143,1,46053,42868
2347,14.473333333333334,0,46055,50747
2348,13.065999999999999,0,46057,60864
2349,2.7675,0,46059,56239
2350,20.473333333333333,1,46061,78478
2351,7.65,0,46063,55482
2352,59.629999999999995,4,46065,66952
2353,17.366,1,46067,59336
2354,73.08,5,46069,63454
2355,11.5175,0,46071,37879
2356,54.126666666666665,4,46073,52162
2357,10.726666666666667,0,46075,52650
2358,12.97,0,46077,61992
2359,14.008571428571429,0,46079,63946
2360,64.83,5,46081,53902
2361,50.60875,4,46083,86235
2362,12.594999999999999,0,46085,47813
2363,18.362000000000002,1,46087,62535
2364,92.71000000000001,5,46089,43243
2365,20.4,1,46091,59103
2366,45.36375,4,46093,59981
2367,18.04,1,46095,36489
2368,26.485,2,46097,52230
2369,59.37666666666667,4,46099,63162
2370,89.77999999999999,5,46101,61029
2371,29.76230769230769,2,46103,58919
2372,7.900000000000001,0,46105,49999
2373,63.339999999999996,4,46107,58012
2374,18.887777777777778,1,46109,49088
2375,0.0,0,46111,56507
2376,10.803333333333333,0,46115,54666
2377,87.87,5,46117,70472
2378,28.685000000000002,2,46119,61791
2379,14.896666666666667,0,46121,34015
2380,19.292,1,46123,50503
2381,56.60666666666666,4,46125,63852
2382,50.2425,4,46127,83910
2383,64.52,5,46129,51472
2384,14.434285714285716,0,46135,60868
2385,58.78,4,46137,33508
2386,36.13166666666667,3,47001,50973
2387,48.604,4,47003,50539
2388,7.640000000000001,0,47005,42322
2389,90.71,5,47007,42730
2390,55.663,4,47009,59368
2391,46.43,4,47011,52534
2392,30.518333333333334,2,47013,42500
2393,38.59,3,47015,52960
2394,32.69,3,47017,43258
2395,32.82666666666666,3,47019,39964
2396,36.14,3,47021,62786
2397,19.180000000000003,1,47023,50769
2398,63.13333333333333,4,47025,40116
2399,1.205,0,47027,36694
2400,23.296,1,47029,40528
2401,53.5,4,47031,54931
2402,17.377499999999998,1,47033,45642
2403,51.462,4,47035,49142
2404,102.2683870967742,5,47037,63846
2405,38.78,3,47039,45215
2406,27.450000000000003,2,47041,46407
2407,26.763333333333335,2,47043,59126
2408,30.844,2,47045,48770
2409,31.471666666666664,2,47047,67345
2410,75.25,5,47049,38608
2411,58.737142857142864,4,47051,54319
2412,45.3875,4,47053,46384
2413,15.593333333333334,1,47055,50847
2414,42.1,3,47057,44929
2415,60.49571428571429,4,47059,44975
2416,24.491666666666664,2,47061,38447
2417,63.634,4,47063,46842
2418,97.96083333333333,5,47065,57802
2419,20.895,1,47067,31938
2420,20.135,1,47069,40989
2421,39.282,3,47071,44510
2422,37.62875,3,47073,46602
2423,28.475,2,47075,38950
2424,50.14142857142857,4,47077,46826
2425,52.83571428571429,4,47079,43159
2426,21.763333333333332,1,47081,46176
2427,62.51666666666666,4,47083,40915
2428,64.57666666666667,5,47085,52121
2429,200.97,5,47087,41749
2430,48.66,4,47089,50332
2431,34.5475,3,47091,40219
2432,87.40299999999999,5,47093,60316
2433,17.869999999999997,1,47095,34059
2434,39.4725,3,47097,43545
2435,29.99142857142857,2,47099,43448
2436,177.0,5,47101,45874
2437,8.796000000000001,0,47103,54558
2438,103.508,5,47105,65226
2439,30.341666666666665,2,47107,49836
2440,34.347142857142856,3,47109,45469
2441,50.42,4,47111,44334
2442,39.62428571428571,3,47113,50401
2443,55.39166666666667,4,47115,47675
2444,78.94800000000001,5,47117,58151
2445,44.424,4,47119,66434
2446,9.305,0,47121,48334
2447,52.8825,4,47123,50506
2448,57.98375,4,47125,57606
2449,8.45,0,47127,61804
2450,105.7525,5,47129,43952
2451,25.962,2,47131,44061
2452,60.504999999999995,4,47133,43636
2453,12.41,0,47135,42939
2454,63.43,4,47137,41860
2455,19.652500000000003,1,47139,45922
2456,35.98285714285714,3,47141,49083
2457,18.0875,1,47143,47599
2458,87.965,5,47145,50561
2459,58.123333333333335,4,47147,65790
2460,98.17636363636365,5,47149,69614
2461,43.623333333333335,3,47151,38750
2462,26.36,2,47153,46876
2463,76.69333333333334,5,47155,54476
2464,64.90542857142857,5,47157,52659
2465,32.305,3,47159,54570
2466,36.9,3,47161,52177
2467,58.22333333333333,4,47163,51303
2468,77.87857142857142,5,47165,69391
2469,29.029999999999998,2,47167,61436
2470,18.57,1,47169,51982
2471,29.965,2,47171,44548
2472,20.56,1,47173,48106
2473,50.09,4,47175,44451
2474,31.366666666666664,2,47177,46144
2475,60.93,4,47179,51879
2476,9.875,0,47181,45091
2477,48.205714285714286,4,47183,42506
2478,27.4375,2,47185,43583
2479,126.25166666666667,5,47187,119637
2480,79.64999999999999,5,47189,80080
2481,20.013333333333332,1,48001,48461
2482,94.48,5,48003,74918
2483,47.431666666666665,4,48005,51750
2484,111.12,5,48007,53085
2485,29.573333333333334,2,48009,63731
2486,11.06,0,48011,64424
2487,24.22714285714286,2,48013,57309
2488,14.322857142857144,0,48015,68311
2489,27.92,2,48017,46174
2490,15.841999999999999,1,48019,59604
2491,27.01875,2,48021,62627
2492,21.9,1,48023,41539
2493,69.36666666666666,5,48025,44171
2494,74.57375,5,48027,54831
2495,91.35617647058824,5,48029,58956
2496,8.993333333333332,0,48031,68404
2497,27.98,2,48033,71926
2498,19.98625,1,48035,55179
2499,37.9575,3,48037,51207
2500,72.45,5,48039,83704
2501,71.35142857142857,5,48041,54471
2502,23.625,2,48043,48581
2503,12.14,0,48045,44259
2504,27.685,2,48047,31410
2505,12.392,0,48049,56040
2506,15.325,0,48051,61745
2507,33.29,3,48053,62827
2508,27.520000000000003,2,48055,55301
2509,33.85,3,48057,55909
2510,11.18,0,48059,50812
2511,55.16461538461538,4,48061,40893
2512,37.345,3,48063,47091
2513,7.14,0,48065,69760
2514,32.11333333333334,3,48067,44529
2515,9.046666666666667,0,48069,51736
2516,44.239999999999995,4,48071,93351
2517,42.42,3,48073,46576
2518,47.32,4,48075,44095
2519,43.47666666666667,3,48077,59983
2520,16.2,1,48079,43742
2521,9.094999999999999,0,48081,48435
2522,11.822,0,48083,44834
2523,102.0696,5,48085,96847
2524,2.2433333333333336,0,48087,40314
2525,77.72,5,48089,55607
2526,125.74000000000001,5,48091,87976
2527,12.2575,0,48093,54122
2528,57.45,4,48095,43321
2529,38.545,3,48097,61186
2530,51.504999999999995,4,48099,53083
2531,22.48,1,48101,40449
2532,9.11,0,48103,68626
2533,8.09,0,48105,54165
2534,17.866666666666667,1,48107,38871
2535,60.79,4,48111,55793
2536,92.23146341463415,5,48113,61807
2537,214.62,5,48115,48165
2538,24.62,2,48117,46178
2539,2.132,0,48119,51348
2540,102.76346153846154,5,48121,90910
2541,49.56333333333333,4,48123,52544
2542,6.8825,0,48125,41973
2543,144.27,5,48127,40315
2544,4.96,0,48129,41093
2545,82.96,5,48131,37100
2546,42.36428571428571,3,48133,46991
2547,44.54857142857143,4,48135,65564
2548,10.796666666666667,0,48137,40424
2549,27.645,2,48139,78341
2550,79.5125925925926,5,48141,48629
2551,64.63,5,48143,53044
2552,37.3,3,48145,41484
2553,18.044999999999998,1,48147,56123
2554,14.9125,0,48149,62195
2555,17.97,1,48151,51053
2556,16.4,1,48153,45022
2557,16.37,1,48155,38615
2558,109.48125,5,48157,101361
2559,19.235,1,48159,50630
2560,23.919999999999998,2,48161,52511
2561,80.64,5,48163,40360
2562,21.509999999999998,1,48165,67171
2563,108.41733333333333,5,48167,73214
2564,54.815,4,48169,48975
2565,41.7725,3,48171,62143
2566,46.35,4,48173,93759
2567,9.6,0,48175,56758
2568,45.65875,4,48177,48425
2569,23.29,1,48179,52543
2570,41.93,3,48181,57439
2571,36.69285714285714,3,48183,53137
2572,17.896666666666665,1,48185,51651
2573,77.35285714285715,5,48187,78801
2574,28.5525,2,48189,49187
2575,13.205,0,48191,35940
2576,35.27,3,48193,52505
2577,12.32,0,48195,58703
2578,27.97,2,48197,40057
2579,63.834,5,48199,62616
2580,100.64893939393939,5,48201,61638
2581,32.416666666666664,3,48203,55171
2582,227.99,5,48205,72796
2583,5.715,0,48207,38613
2584,102.0,5,48209,72890
2585,12.21,0,48211,71299
2586,28.713333333333335,2,48213,49896
2587,55.32285714285714,4,48215,41656
2588,20.29,1,48217,53210
2589,10.625,0,48219,51149
2590,63.655,4,48221,74534
2591,39.30888888888889,3,48223,50332
2592,24.0275,2,48225,43601
2593,22.22,1,48227,61112
2594,49.35,4,48229,39309
2595,38.724444444444444,3,48231,57513
2596,27.83,2,48233,57936
2597,8.82,0,48235,68630
2598,18.093333333333334,1,48237,55358
2599,24.049999999999997,2,48239,55800
2600,44.3325,4,48241,47252
2601,96.985,5,48243,53362
2602,81.70928571428571,5,48245,55173
2603,35.27,3,48247,38788
2604,26.87,2,48249,44444
2605,41.18363636363636,3,48251,66538
2606,14.486666666666666,0,48253,51094
2607,15.313333333333333,0,48255,54843
2608,43.22666666666667,3,48257,75009
2609,83.80000000000001,5,48259,94899
2610,19.74,1,48263,52591
2611,42.82,3,48265,57789
2612,17.34,1,48267,44757
2613,16.98,1,48271,47076
2614,40.08,3,48273,47169
2615,20.939999999999998,1,48275,40808
2616,19.036363636363635,1,48277,47061
2617,21.849999999999998,1,48279,42719
2618,15.513333333333334,1,48281,58817
2619,58.099999999999994,4,48283,41683
2620,26.1025,2,48285,52632
2621,26.631999999999998,2,48287,59250
2622,14.444285714285714,0,48289,50522
2623,27.136000000000003,2,48291,53274
2624,27.884999999999998,2,48293,43644
2625,10.69,0,48295,65388
2626,15.747499999999999,1,48297,54163
2627,11.0025,0,48299,55617
2628,64.69222222222223,5,48303,54733
2629,44.035,3,48305,45737
2630,13.65857142857143,0,48307,43262
2631,47.02826086956522,4,48309,51078
2632,38.87,3,48311,68349
2633,25.689999999999998,2,48313,46274
2634,32.8,3,48315,37876
2635,69.18,5,48317,68745
2636,21.15,1,48319,54914
2637,17.546,1,48321,49276
2638,45.74,4,48323,40017
2639,21.242222222222225,1,48325,60695
2640,7.93,0,48327,38425
2641,86.414,5,48329,85811
2642,17.845999999999997,1,48331,48989
2643,15.496666666666664,0,48333,46876
2644,14.01,0,48335,44457
2645,15.67,1,48337,53649
2646,101.87428571428572,5,48339,88833
2647,27.924999999999997,2,48341,55099
2648,20.2525,1,48343,43304
2649,39.335,3,48345,40217
2650,33.30777777777777,3,48347,46207
2651,18.107499999999998,1,48349,48649
2652,9.526,0,48351,45890
2653,21.3375,1,48353,46389
2654,62.14409090909091,4,48355,56079
2655,26.95,2,48357,62567
2656,18.830000000000002,1,48359,59404
2657,96.49,5,48361,62976
2658,51.651666666666664,4,48363,50159
2659,11.404,0,48365,56882
2660,42.11875,3,48367,82501
2661,22.77666666666667,1,48369,50607
2662,48.05,4,48371,52763
2663,14.386,0,48373,50416
2664,60.43857142857143,4,48375,41138
2665,20.685,1,48377,33499
2666,4.145,0,48379,65657
2667,71.72571428571429,5,48381,70694
2668,30.28,2,48383,67384
2669,11.254999999999999,0,48385,40834
2670,31.830000000000002,2,48387,41325
2671,12.215,0,48389,48990
2672,10.3875,0,48391,46883
2673,6.26,0,48393,70705
2674,18.0625,1,48395,47016
2675,121.75666666666667,5,48397,105763
2676,16.5,1,48399,48650
2677,28.215,2,48401,56036
2678,38.91,3,48403,43778
2679,28.045,2,48405,40094
2680,12.486,0,48407,42633
2681,47.857142857142854,4,48409,57302
2682,26.5,2,48411,46061
2683,23.11,1,48413,53286
2684,23.372500000000002,1,48415,56299
2685,7.785,0,48417,65095
2686,27.665999999999997,2,48419,39708
2687,6.2,0,48421,55473
2688,53.31588235294117,4,48423,59538
2689,32.37,3,48425,67897
2690,36.553999999999995,3,48427,32516
2691,27.25,2,48429,46658
2692,5.11,0,48431,66790
2693,27.485,2,48433,48267
2694,9.84,0,48435,63427
2695,107.22666666666667,5,48437,44388
2696,93.37523076923077,5,48439,70130
2697,65.18181818181819,5,48441,54465
2698,,,48443,45677
2699,42.68,3,48445,42953
2700,26.78,2,48447,42746
2701,41.26333333333333,3,48449,49924
2702,39.61818181818182,3,48451,54774
2703,118.20382978723404,5,48453,80690
2704,12.9275,0,48455,43788
2705,26.834285714285716,2,48457,48254
2706,26.258,2,48459,53078
2707,3.065,0,48461,58908
2708,23.798000000000002,2,48463,44690
2709,34.25,3,48465,45034
2710,27.502857142857145,2,48467,55554
2711,38.67,3,48469,57344
2712,54.94,4,48471,47519
2713,31.849999999999998,2,48473,61822
2714,39.43,3,48475,61396
2715,36.839999999999996,3,48477,59039
2716,55.645714285714284,4,48479,52576
2717,29.38166666666667,2,48481,49901
2718,8.2275,0,48483,58544
2719,47.13545454545454,4,48485,51535
2720,59.2275,4,48487,42570
2721,10.530000000000001,0,48489,35821
2722,85.0742105263158,5,48491,92661
2723,46.247499999999995,4,48493,76905
2724,27.13,2,48495,64894
2725,28.40625,2,48497,70468
2726,17.844,1,48499,56945
2727,16.786666666666665,1,48501,62636
2728,46.4025,4,48503,52643
2729,7.920000000000001,0,48505,36069
2730,24.47,2,48507,32538
2731,33.185,3,49001,58309
2732,29.622727272727275,2,49003,69380
2733,61.537142857142854,4,49005,63180
2734,56.826,4,49007,52110
2735,59.915,4,49009,63433
2736,91.82909090909091,5,49011,87610
2737,16.27090909090909,1,49013,59437
2738,36.99,3,49015,61893
2739,229.745,5,49017,54625
2740,10.623333333333333,0,49019,53535
2741,30.6425,2,49021,58307
2742,47.025,4,49023,66056
2743,97.71,5,49025,55887
2744,16.2725,1,49027,59069
2745,94.93,5,49029,101943
2746,,,49031,42196
2747,55.964999999999996,4,49033,64583
2748,78.06777777777778,5,49035,79941
2749,42.36,3,49037,49438
2750,31.173750000000002,2,49039,54648
2751,32.75333333333334,3,49041,58983
2752,41.66,3,49043,112482
2753,40.27375,3,49045,80196
2754,15.831428571428571,1,49047,62541
2755,65.396,5,49049,79505
2756,52.73333333333333,4,49051,92136
2757,41.224666666666664,3,49053,64388
2758,13.94,0,49055,50555
2759,73.88,5,49057,71835
2760,23.244545454545456,1,50001,73574
2761,46.79333333333333,4,50003,56948
2762,28.263571428571428,2,50005,50942
2763,67.92222222222222,5,50007,76483
2764,47.839999999999996,4,50009,45796
2765,47.80357142857143,4,50011,65056
2766,20.328,1,50013,68364
2767,29.436666666666667,2,50015,60555
2768,53.55,4,50017,59758
2769,21.357619047619046,1,50019,48826
2770,56.1904,4,50021,51903
2771,29.523157894736844,2,50023,65879
2772,53.35526315789474,4,50025,52068
2773,58.275,4,50027,61843
2774,56.29357142857143,4,51001,47335
2775,38.24,3,51003,86332
2776,41.510000000000005,3,51005,53341
2777,16.625,1,51007,60096
2778,23.840000000000003,2,51009,56218
2779,8.415,0,51011,54609
2780,98.25636363636363,5,51013,118986
2781,21.818125,1,51015,63621
2782,9.563333333333334,0,51017,54385
2783,32.904545454545456,3,51019,66591
2784,7.005,0,51021,49023
2785,40.761250000000004,3,51023,74178
2786,5.302499999999999,0,51025,43835
2787,26.19272727272727,2,51027,36881
2788,16.195,1,51029,47202
2789,31.37857142857143,2,51031,48984
2790,28.997142857142858,2,51033,64647
2791,21.060000000000002,1,51035,45698
2792,8.29,0,51036,56465
2793,11.103750000000002,0,51037,43001
2794,121.50153846153846,5,51041,81641
2795,43.11,3,51043,85567
2796,13.79,0,51045,53319
2797,37.901666666666664,3,51047,79739
2798,25.785,2,51049,52005
2799,28.574,2,51051,37161
2800,31.2125,2,51053,58474
2801,17.2325,1,51057,53538
2802,26.053333333333335,2,51061,103827
2803,9.122,0,51063,52277
2804,38.974000000000004,3,51065,75089
2805,86.036,5,51069,83672
2806,17.064999999999998,1,51071,53111
2807,73.7,5,51073,71715
2808,64.14166666666667,5,51075,100444
2809,8.583333333333334,0,51077,41312
2810,51.769999999999996,4,51079,73345
2811,49.82,4,51081,47315
2812,34.288333333333334,3,51083,42619
2813,48.97857142857142,4,51085,90824
2814,116.21214285714287,5,51087,68975
2815,48.88166666666666,4,51089,41908
2816,10.082,0,51091,45917
2817,30.665000000000003,2,51093,78749
2818,62.800000000000004,4,51095,92773
2819,5.886,0,51097,54185
2820,38.065,3,51099,85657
2821,17.5275,1,51101,73035
2822,35.028,3,51103,55072
2823,27.555,2,51105,35878
2824,130.40562500000001,5,51107,151806
2825,32.47,3,51109,64135
2826,55.4,4,51111,44860
2827,14.608571428571429,0,51113,66397
2828,21.018000000000004,1,51115,69112
2829,72.64888888888889,5,51117,43128
2830,52.5475,4,51119,58834
2831,25.205714285714286,2,51121,58740
2832,22.00153846153846,1,51125,55804
2833,73.63,5,51127,102619
2834,18.8675,1,51131,45235
2835,46.926,4,51133,60385
2836,17.623333333333335,1,51135,45913
2837,5.746,0,51137,71691
2838,126.63,5,51139,52877
2839,10.512857142857143,0,51141,43568
2840,37.309000000000005,3,51143,51682
2841,49.86,4,51145,94293
2842,32.067142857142855,2,51147,44586
2843,85.5075,5,51149,74518
2844,145.9466666666667,5,51153,106208
2845,68.115,5,51155,54086
2846,69.33333333333333,5,51157,79086
2847,33.20777777777778,3,51163,58501
2848,28.575294117647058,2,51165,67242
2849,41.284000000000006,3,51167,40345
2850,12.489999999999998,0,51169,41288
2851,29.16333333333333,2,51171,59087
2852,46.769999999999996,4,51173,41964
2853,58.165000000000006,4,51175,62327
2854,129.57,5,51177,90262
2855,127.375,5,51179,109090
2856,17.22,1,51181,59069
2857,17.978,1,51183,45134
2858,37.32888888888888,3,51185,43619
2859,62.57666666666666,4,51187,69878
2860,44.754999999999995,4,51191,52387
2861,59.5475,4,51193,54885
2862,49.748333333333335,4,51195,42372
2863,34.345,3,51197,48543
2864,52.001666666666665,4,51199,91535
2865,32.847500000000004,3,53001,53535
2866,23.34,1,53003,54776
2867,44.37375,4,53005,72847
2868,29.59125,2,53007,59838
2869,56.11800000000001,4,53009,57571
2870,76.87263157894736,5,53011,80407
2871,19.66,1,53013,56338
2872,36.275,3,53015,57316
2873,31.464285714285715,2,53017,63086
2874,26.131999999999998,2,53019,47463
2875,20.3475,1,53021,63575
2876,42.51,3,53023,54555
2877,40.99615384615385,3,53025,57152
2878,53.666,4,53027,59346
2879,66.97875,5,53029,72173
2880,52.86714285714286,4,53031,60556
2881,90.58621951219511,5,53033,102338
2882,78.44882352941177,5,53035,79268
2883,19.330000000000002,1,53037,59172
2884,8.774166666666668,0,53039,60567
2885,40.595333333333336,3,53041,58525
2886,7.735833333333335,0,53043,60849
2887,44.55111111111111,4,53045,63689
2888,17.468333333333334,1,53047,44777
2889,64.18571428571428,5,53049,50521
2890,8.528,0,53051,51950
2891,61.96094339622641,4,53053,78779
2892,52.152499999999996,4,53055,69113
2893,60.08200000000001,4,53057,67551
2894,30.88333333333333,2,53059,69163
2895,79.26703703703704,5,53061,89119
2896,61.11147058823529,4,53063,59976
2897,20.60611111111111,1,53065,55000
2898,89.96363636363637,5,53067,77890
2899,16.715,1,53069,61123
2900,23.544285714285714,2,53071,60202
2901,50.635,4,53073,68656
2902,16.29705882352941,1,53075,45906
2903,38.21157894736842,3,53077,55674
2904,34.64333333333333,3,54001,39710
2905,56.95111111111112,4,54003,63012
2906,12.04888888888889,0,54005,43697
2907,8.624545454545455,0,54007,39651
2908,66.7575,5,54009,50900
2909,52.194,4,54011,42125
2910,3.345714285714286,0,54013,37307
2911,3.5775,0,54015,41923
2912,18.87666666666667,1,54017,50642
2913,14.718076923076923,0,54019,41430
2914,17.97625,1,54021,40373
2915,15.7,1,54023,47400
2916,16.999375,1,54025,43564
2917,12.002857142857142,0,54027,54811
2918,49.542500000000004,4,54029,51017
2919,11.235,0,54031,46658
2920,16.361250000000002,1,54033,53909
2921,41.583333333333336,3,54035,50808
2922,61.3675,4,54037,75225
2923,29.506774193548388,2,54039,48334
2924,53.59,4,54041,46895
2925,24.413846153846155,2,54043,43198
2926,15.120000000000001,0,54045,38533
2927,13.475,0,54047,29106
2928,6.505,0,54049,51300
2929,13.845,0,54051,53145
2930,19.503636363636364,1,54053,47753
2931,6.713571428571429,0,54055,41794
2932,15.647499999999999,1,54057,49704
2933,14.04307692307692,0,54059,34698
2934,49.621428571428574,4,54061,55652
2935,13.045,0,54063,44655
2936,20.985,1,54065,50660
2937,10.030714285714286,0,54067,40023
2938,53.53333333333333,4,54069,50390
2939,16.172,1,54071,43451
2940,2.27,0,54073,54972
2941,8.303,0,54075,39454
2942,16.14375,1,54077,50821
2943,27.86625,2,54079,66991
2944,17.316896551724138,1,54081,45386
2945,5.29235294117647,0,54083,46285
2946,13.613999999999999,0,54085,46131
2947,2.06,0,54087,41671
2948,8.527777777777779,0,54089,37000
2949,31.27,2,54091,48294
2950,8.23,0,54093,47222
2951,17.12,1,54095,48345
2952,9.651666666666666,0,54097,45074
2953,28.61833333333333,2,54099,42095
2954,4.383333333333334,0,54101,34385
2955,30.55875,2,54103,46824
2956,7.65,0,54105,48627
2957,43.599090909090904,3,54107,49209
2958,9.652857142857142,0,54109,42761
2959,43.05,3,55001,53156
2960,26.236666666666665,2,55003,47202
2961,35.8975,3,55005,54372
2962,34.656,3,55007,58065
2963,41.82076923076923,3,55009,65494
2964,30.6125,2,55011,58407
2965,12.4275,0,55013,51519
2966,24.790000000000003,2,55015,80354
2967,35.745,3,55017,60713
2968,33.68333333333333,3,55019,54296
2969,33.806666666666665,3,55021,69219
2970,23.798,2,55023,51919
2971,82.99676470588236,5,55025,77828
2972,42.53666666666666,3,55027,61730
2973,18.058888888888887,1,55029,64217
2974,59.32555555555556,4,55031,55651
2975,23.076666666666668,1,55033,61506
2976,47.54875,4,55035,64972
2977,20.09,1,55037,58270
2978,47.642307692307696,4,55039,65905
2979,17.824,1,55041,48964
2980,24.505625000000002,2,55043,56418
2981,48.6,4,55045,64319
2982,16.57,1,55047,59458
2983,42.1875,3,55049,67390
2984,8.926666666666666,0,55051,48813
2985,46.215,4,55053,57247
2986,49.404,4,55055,71098
2987,45.79,4,55057,55787
2988,90.22200000000001,5,55059,66460
2989,20.4775,1,55061,65879
2990,37.1325,3,55063,59758
2991,21.737499999999997,1,55065,59128
2992,29.093333333333334,2,55067,49597
2993,25.5675,2,55069,60728
2994,36.0,3,55071,61326
2995,48.76,4,55073,66092
2996,26.421538461538464,2,55075,54404
2997,33.559999999999995,3,55077,56790
2998,11.335,0,55078,40300
2999,97.94777777777777,5,55079,53505
3000,33.05714285714286,3,55081,60296
3001,34.303636363636365,3,55083,66401
3002,35.54375,3,55085,62765
3003,50.42250000000001,4,55087,66994
3004,67.53375,5,55089,90446
3005,33.65,3,55091,62675
3006,22.179000000000002,1,55093,75368
3007,27.246923076923075,2,55095,63910
3008,50.019,4,55097,58248
3009,39.762499999999996,3,55099,48761
3010,85.565,5,55101,61691
3011,40.28,3,55103,51295
3012,45.517272727272726,4,55105,61624
3013,21.622857142857146,1,55107,49860
3014,29.395454545454548,2,55109,87098
3015,51.775,4,55111,63752
3016,40.44142857142857,3,55113,53908
3017,18.97,1,55115,58982
3018,39.12461538461538,3,55117,62108
3019,15.318333333333333,0,55119,52419
3020,23.044444444444444,1,55121,61687
3021,18.206,1,55123,56272
3022,10.387500000000001,0,55125,55576
3023,62.53272727272727,4,55127,64682
3024,16.85,1,55129,52735
3025,68.24454545454546,5,55131,81928
3026,65.255,5,55133,91070
3027,28.806,2,55135,61773
3028,24.419999999999998,2,55137,55476
3029,51.078,4,55139,59643
3030,67.96416666666667,5,55141,57325
3031,24.110000000000003,2,56001,52216
3032,19.606666666666666,1,56003,53018
3033,22.002,1,56005,83997
3034,13.518888888888888,0,56007,61626
3035,27.285,2,56009,72481
3036,7.257142857142857,0,56011,64120
3037,19.409,1,56013,57953
3038,14.957999999999998,0,56015,55540
3039,63.54,4,56017,52344
3040,24.560000000000002,2,56019,57224
3041,20.215555555555554,1,56021,69613
3042,33.672222222222224,3,56023,71269
3043,24.723333333333333,2,56025,66104
3044,2.898,0,56027,48513
3045,31.982499999999998,2,56029,59494
3046,15.556000000000001,1,56031,57425
3047,11.805555555555555,0,56033,64030
3048,9.728333333333333,0,56035,78055
3049,20.593333333333334,1,56037,80639
3050,52.185,4,56039,98837
3051,25.09,2,56041,70756
3052,36.115,3,56043,55122
3053,9.17,0,56045,59410
3054,,,00000,65712
3055,,,01000,51771
3056,,,02000,77203
3057,,,02013,66923
3058,,,02016,84726
3059,,,02020,82512
3060,,,02050,48262
3061,,,02060,87950
3062,,,02068,78434
3063,,,02070,57436
3064,,,02090,74076
3065,,,02100,62548
3066,,,02105,53141
3067,,,02110,85419
3068,,,02122,68625
3069,,,02130,75706
3070,,,02150,79669
3071,,,02158,35369
3072,,,02164,51693
3073,,,02170,75856
3074,,,02180,58464
3075,,,02185,84784
3076,,,02188,61660
3077,,,02195,71296
3078,,,02198,50049
3079,,,02201,
3080,,,02220,80660
3081,,,02230,74898
3082,,,02232,
3083,,,02240,69646
3084,,,02261,74574
3085,,,02275,62496
3086,,,02280,
3087,,,02282,61587
3088,,,02290,42063
3089,,,04000,62027
3090,,,05000,49020
3091,,,06000,80423
3092,,,08000,77104
3093,,,08111,50524
3094,,,09000,78920
3095,,,10000,70348
3096,,,11000,90395
3097,,,11001,90395
3098,,,12000,59198
3099,,,13000,61950
3100,,,15000,83734
3101,,,16000,60830
3102,,,17000,69212
3103,,,18000,57617
3104,,,19000,61807
3105,,,20000,62028
3106,,,21000,52256
3107,,,22000,51108
3108,,,23000,58824
3109,,,24000,86644
3110,,,24005,76972
3111,,,24510,49780
3112,,,25000,85700
3113,,,26000,59522
3114,,,27000,74529
3115,,,28000,45928
3116,,,28039,51858
3117,,,28055,30944
3118,,,29000,57375
3119,,,29189,70161
3120,,,29510,46309
3121,,,30000,57248
3122,,,31000,63290
3123,,,32000,63268
3124,,,32029,88003
3125,,,32510,58126
3126,,,33000,78571
3127,,,34000,85786
3128,,,35000,52021
3129,,,35013,43618
3130,,,36000,72038
3131,,,37000,57388
3132,,,38000,67402
3133,,,39000,58704
3134,,,40000,54447
3135,,,41000,66955
3136,,,42000,63455
3137,,,44000,70383
3138,,,45000,56360
3139,,,46000,60414
3140,,,46102,34078
3141,,,47000,56047
3142,,,48000,64044
3143,,,48109,44462
3144,,,48261,46132
3145,,,48269,71256
3146,,,48301,88487
3147,,,49000,75705
3148,,,50000,63293
3149,,,51000,76471
3150,,,51059,127898
3151,,,51067,61878
3152,,,51159,49758
3153,,,51161,71742
3154,,,51510,102589
3155,,,51520,37678
3156,,,51530,44752
3157,,,51540,58717
3158,,,51550,77361
3159,,,51570,57688
3160,,,51580,41842
3161,,,51590,36073
3162,,,51595,38631
3163,,,51600,106430
3164,,,51610,137849
3165,,,51620,45433
3166,,,51630,62121
3167,,,51640,37229
3168,,,51650,55816
3169,,,51660,48189
3170,,,51670,38293
3171,,,51678,54204
3172,,,51680,50612
3173,,,51683,84405
3174,,,51685,83145
3175,,,51690,37814
3176,,,51700,53022
3177,,,51710,52437
3178,,,51720,38062
3179,,,51730,40240
3180,,,51735,98217
3181,,,51740,50411
3182,,,51750,41530
3183,,,51760,50949
3184,,,51770,45534
3185,,,51775,54888
3186,,,51790,54296
3187,,,51800,77847
3188,,,51810,78491
3189,,,51820,44619
3190,,,51830,56569
3191,,,51840,60254
3192,,,53000,78674
3193,,,54000,48659
3194,,,55000,64177
3195,,,56000,66152
3196,,,72000,
3197,,,72001,
3198,,,72003,
3199,,,72005,
3200,,,72007,
3201,,,72009,
3202,,,72011,
3203,,,72013,
3204,,,72015,
3205,,,72017,
3206,,,72019,
3207,,,72021,
3208,,,72023,
3209,,,72025,
3210,,,72027,
3211,,,72029,
3212,,,72031,
3213,,,72033,
3214,,,72035,
3215,,,72037,
3216,,,72039,
3217,,,72041,
3218,,,72043,
3219,,,72045,
3220,,,72047,
3221,,,72049,
3222,,,72051,
3223,,,72053,
3224,,,72054,
3225,,,72055,
3226,,,72057,
3227,,,72059,
3228,,,72061,
3229,,,72063,
3230,,,72065,
3231,,,72067,
3232,,,72069,
3233,,,72071,
3234,,,72073,
3235,,,72075,
3236,,,72077,
3237,,,72079,
3238,,,72081,
3239,,,72083,
3240,,,72085,
3241,,,72087,
3242,,,72089,
3243,,,72091,
3244,,,72093,
3245,,,72095,
3246,,,72097,
3247,,,72099,
3248,,,72101,
3249,,,72103,
3250,,,72105,
3251,,,72107,
3252,,,72109,
3253,,,72111,
3254,,,72113,
3255,,,72115,
3256,,,72117,
3257,,,72119,
3258,,,72121,
3259,,,72123,
3260,,,72125,
3261,,,72127,
3262,,,72129,
3263,,,72131,
3264,,,72133,
3265,,,72135,
3266,,,72137,
3267,,,72139,
3268,,,72141,
3269,,,72143,
3270,,,72145,
3271,,,72147,
3272,,,72149,
3273,,,72151,
3274,,,72153,
